6.100499999999999673e-02 -5.404699999999999782e-02
5.996699999999999947e-02 -6.451400000000000190e-02
5.923500000000000293e-02 -7.467699999999999338e-02
5.984500000000000236e-02 -8.560199999999999754e-02
5.981399999999999911e-02 -9.631299999999999584e-02
5.935700000000000004e-02 -1.056819999999999982e-01
6.030300000000000243e-02 -1.160889999999999977e-01
6.066900000000000071e-02 -1.246339999999999948e-01
5.972299999999999831e-02 -1.327210000000000056e-01
5.795299999999999757e-02 -1.401060000000000083e-01
5.645800000000000124e-02 -1.450500000000000123e-01
5.258199999999999680e-02 -1.499939999999999884e-01
4.873700000000000254e-02 -1.529240000000000044e-01
4.422000000000000236e-02 -1.540529999999999955e-01
3.854400000000000187e-02 -1.536250000000000115e-01
3.228799999999999726e-02 -1.524959999999999927e-01
2.453599999999999878e-02 -1.492310000000000025e-01
1.821899999999999908e-02 -1.429749999999999910e-01
1.022299999999999945e-02 -1.360780000000000045e-01
1.801000000000000083e-03 -1.277469999999999994e-01
-6.011999999999999983e-03 -1.173710000000000031e-01
-1.535000000000000080e-02 -1.055600000000000011e-01
-2.526899999999999979e-02 -9.265099999999999725e-02
-3.500400000000000039e-02 -7.852199999999999458e-02
-4.422000000000000236e-02 -6.320199999999999430e-02
-5.404699999999999782e-02 -4.693599999999999856e-02
-6.451400000000000190e-02 -3.051799999999999999e-02
-7.467699999999999338e-02 -1.345799999999999948e-02
-8.560199999999999754e-02 3.418000000000000031e-03
-9.631299999999999584e-02 2.035500000000000156e-02
-1.056819999999999982e-01 3.649899999999999672e-02
-1.160889999999999977e-01 5.093400000000000011e-02
-1.246339999999999948e-01 6.588700000000000112e-02
-1.327210000000000056e-01 7.821699999999999486e-02
-1.401060000000000083e-01 8.880599999999999605e-02
-1.450500000000000123e-01 9.844999999999999585e-02
-1.499939999999999884e-01 1.050109999999999932e-01
-1.529240000000000044e-01 1.115720000000000045e-01
-1.540529999999999955e-01 1.153560000000000002e-01
-1.536250000000000115e-01 1.162720000000000004e-01
-1.524959999999999927e-01 1.167910000000000059e-01
-1.492310000000000025e-01 1.143490000000000062e-01
-1.429749999999999910e-01 1.123050000000000020e-01
-1.360780000000000045e-01 1.088869999999999977e-01
-1.277469999999999994e-01 1.039429999999999937e-01
-1.173710000000000031e-01 9.945700000000000374e-02
-1.055600000000000011e-01 9.341399999999999704e-02
-9.265099999999999725e-02 8.819599999999999662e-02
-7.852199999999999458e-02 8.236699999999999577e-02
-6.320199999999999430e-02 7.702599999999999725e-02
-4.693599999999999856e-02 7.324200000000000155e-02
-3.051799999999999999e-02 6.897000000000000353e-02
-1.345799999999999948e-02 6.561300000000000465e-02
3.418000000000000031e-03 6.317100000000000493e-02
2.035500000000000156e-02 6.088299999999999962e-02
3.649899999999999672e-02 6.033299999999999774e-02
5.093400000000000011e-02 6.008899999999999658e-02
6.588700000000000112e-02 6.008899999999999658e-02
7.821699999999999486e-02 6.097400000000000042e-02
8.880599999999999605e-02 6.054699999999999666e-02
9.844999999999999585e-02 6.100499999999999673e-02
1.050109999999999932e-01 6.094399999999999817e-02
1.115720000000000045e-01 6.082200000000000106e-02
1.153560000000000002e-01 5.981399999999999911e-02
1.162720000000000004e-01 5.688499999999999807e-02
1.167910000000000059e-01 5.419899999999999718e-02
1.143490000000000062e-01 5.038499999999999923e-02
1.123050000000000020e-01 4.599000000000000310e-02
1.088869999999999977e-01 4.061900000000000233e-02
1.039429999999999937e-01 3.527799999999999686e-02
9.945700000000000374e-02 2.905299999999999896e-02
9.341399999999999704e-02 2.175900000000000056e-02
8.819599999999999662e-02 1.431299999999999933e-02
8.236699999999999577e-02 6.408999999999999767e-03
7.702599999999999725e-02 -1.526000000000000013e-03
7.324200000000000155e-02 -1.010100000000000060e-02
6.897000000000000353e-02 -1.940899999999999917e-02
6.561300000000000465e-02 -2.960199999999999984e-02
6.317100000000000493e-02 -3.891000000000000014e-02
6.088299999999999962e-02 -4.855299999999999894e-02
6.033299999999999774e-02 -5.859400000000000025e-02
6.008899999999999658e-02 -6.845099999999999796e-02
6.008899999999999658e-02 -7.913199999999999401e-02
6.097400000000000042e-02 -8.944699999999999873e-02
6.054699999999999666e-02 -1.000670000000000032e-01
6.100499999999999673e-02 -1.103520000000000056e-01
6.094399999999999817e-02 -1.193540000000000018e-01
6.082200000000000106e-02 -1.280209999999999959e-01
5.981399999999999911e-02 -1.354059999999999986e-01
5.688499999999999807e-02 -1.420899999999999941e-01
5.419899999999999718e-02 -1.478879999999999917e-01
5.038499999999999923e-02 -1.513980000000000048e-01
4.599000000000000310e-02 -1.542360000000000120e-01
4.061900000000000233e-02 -1.550900000000000056e-01
3.527799999999999686e-02 -1.544800000000000062e-01
2.905299999999999896e-02 -1.517640000000000100e-01
2.175900000000000056e-02 -1.472469999999999890e-01
1.431299999999999933e-02 -1.416320000000000079e-01
6.408999999999999767e-03 -1.332399999999999973e-01
-1.526000000000000013e-03 -1.242370000000000002e-01
-1.010100000000000060e-02 -1.132510000000000044e-01
-1.940899999999999917e-02 -1.004639999999999977e-01
-2.960199999999999984e-02 -8.590699999999999725e-02
-3.891000000000000014e-02 -7.089199999999999668e-02
-4.855299999999999894e-02 -5.615200000000000052e-02
-5.859400000000000025e-02 -3.930700000000000166e-02
-6.845099999999999796e-02 -2.255199999999999913e-02
-7.913199999999999401e-02 -5.066000000000000190e-03
-8.944699999999999873e-02 1.263399999999999940e-02
-1.000670000000000032e-01 2.886999999999999983e-02
-1.103520000000000056e-01 4.400600000000000345e-02
-1.193540000000000018e-01 5.838000000000000134e-02
-1.280209999999999959e-01 7.192999999999999394e-02
-1.354059999999999986e-01 8.371000000000000663e-02
-1.420899999999999941e-01 9.371899999999999675e-02
-1.478879999999999917e-01 1.021119999999999944e-01
-1.513980000000000048e-01 1.085819999999999980e-01
-1.542360000000000120e-01 1.132200000000000012e-01
-1.550900000000000056e-01 1.160889999999999977e-01
-1.544800000000000062e-01 1.169739999999999946e-01
-1.517640000000000100e-01 1.164860000000000062e-01
-1.472469999999999890e-01 1.149290000000000034e-01
-1.416320000000000079e-01 1.120000000000000023e-01
-1.332399999999999973e-01 1.078490000000000004e-01
-1.242370000000000002e-01 1.031190000000000023e-01
-1.132510000000000044e-01 9.799199999999999577e-02
-1.004639999999999977e-01 9.277299999999999436e-02
-8.590699999999999725e-02 8.715799999999999936e-02
-7.089199999999999668e-02 8.172599999999999310e-02
-5.615200000000000052e-02 7.736200000000000021e-02
-3.930700000000000166e-02 7.281500000000000472e-02
-2.255199999999999913e-02 6.924399999999999999e-02
-5.066000000000000190e-03 6.716900000000000648e-02
1.263399999999999940e-02 6.481900000000000162e-02
2.886999999999999983e-02 6.338499999999999690e-02
4.400600000000000345e-02 6.283600000000000296e-02
5.838000000000000134e-02 6.198100000000000137e-02
7.192999999999999394e-02 6.243900000000000144e-02
8.371000000000000663e-02 6.265300000000000036e-02
9.371899999999999675e-02 6.253100000000000325e-02
1.021119999999999944e-01 6.240799999999999820e-02
1.085819999999999980e-01 6.063799999999999746e-02
1.132200000000000012e-01 5.941799999999999859e-02
1.160889999999999977e-01 5.761700000000000155e-02
1.169739999999999946e-01 5.401600000000000151e-02
1.164860000000000062e-01 5.026200000000000112e-02
1.149290000000000034e-01 4.571499999999999869e-02
1.120000000000000023e-01 4.086299999999999655e-02
1.078490000000000004e-01 3.573599999999999693e-02
1.031190000000000023e-01 2.905299999999999896e-02
9.799199999999999577e-02 2.261399999999999869e-02
9.277299999999999436e-02 1.617400000000000088e-02
8.715799999999999936e-02 8.635999999999999580e-03
8.172599999999999310e-02 8.850000000000000444e-04
7.736200000000000021e-02 -7.477000000000000139e-03
7.281500000000000472e-02 -1.629600000000000146e-02
6.924399999999999999e-02 -2.548200000000000118e-02
6.716900000000000648e-02 -3.466799999999999743e-02
6.481900000000000162e-02 -4.422000000000000236e-02
6.338499999999999690e-02 -5.410800000000000332e-02
6.283600000000000296e-02 -6.494099999999999873e-02
6.198100000000000137e-02 -7.614100000000000035e-02
6.243900000000000144e-02 -8.636499999999999733e-02
6.265300000000000036e-02 -9.671000000000000429e-02
6.253100000000000325e-02 -1.068120000000000042e-01
6.240799999999999820e-02 -1.166989999999999972e-01
6.063799999999999746e-02 -1.255489999999999939e-01
5.941799999999999859e-02 -1.333920000000000106e-01
5.761700000000000155e-02 -1.398320000000000118e-01
5.401600000000000151e-02 -1.456600000000000117e-01
5.026200000000000112e-02 -1.502989999999999882e-01
4.571499999999999869e-02 -1.522219999999999962e-01
4.086299999999999655e-02 -1.541140000000000010e-01
3.573599999999999693e-02 -1.540529999999999955e-01
2.905299999999999896e-02 -1.523440000000000072e-01
2.261399999999999869e-02 -1.490779999999999883e-01
1.617400000000000088e-02 -1.428830000000000100e-01
8.635999999999999580e-03 -1.359559999999999935e-01
8.850000000000000444e-04 -1.267699999999999938e-01
-7.477000000000000139e-03 -1.163639999999999952e-01
-1.629600000000000146e-02 -1.039429999999999937e-01
-2.548200000000000118e-02 -8.987399999999999556e-02
-3.466799999999999743e-02 -7.617200000000000359e-02
-4.422000000000000236e-02 -5.996699999999999947e-02
-5.410800000000000332e-02 -4.357899999999999968e-02
-6.494099999999999873e-02 -2.673299999999999982e-02
-7.614100000000000035e-02 -9.093999999999999653e-03
-8.636499999999999733e-02 7.355000000000000426e-03
-9.671000000000000429e-02 2.386500000000000080e-02
-1.068120000000000042e-01 3.936800000000000022e-02
-1.166989999999999972e-01 5.459599999999999870e-02
-1.255489999999999939e-01 6.820700000000000374e-02
-1.333920000000000106e-01 7.916299999999999726e-02
-1.398320000000000118e-01 8.911099999999999577e-02
-1.456600000000000117e-01 9.793100000000000416e-02
-1.502989999999999882e-01 1.049189999999999984e-01
-1.522219999999999962e-01 1.100160000000000027e-01
-1.541140000000000010e-01 1.131899999999999989e-01
-1.540529999999999955e-01 1.141660000000000036e-01
-1.523440000000000072e-01 1.141660000000000036e-01
-1.490779999999999883e-01 1.122439999999999966e-01
-1.428830000000000100e-01 1.095580000000000026e-01
-1.359559999999999935e-01 1.063540000000000041e-01
-1.267699999999999938e-01 1.015619999999999995e-01
-1.163639999999999952e-01 9.674099999999999366e-02
-1.039429999999999937e-01 9.170499999999999485e-02
-8.987399999999999556e-02 8.706700000000000550e-02
-7.617200000000000359e-02 8.193999999999999895e-02
-5.996699999999999947e-02 7.672099999999999753e-02
-4.357899999999999968e-02 7.266200000000000436e-02
-2.673299999999999982e-02 6.924399999999999999e-02
-9.093999999999999653e-03 6.713900000000000423e-02
7.355000000000000426e-03 6.549099999999999366e-02
2.386500000000000080e-02 6.420900000000000218e-02
3.936800000000000022e-02 6.362900000000000500e-02
5.459599999999999870e-02 6.399499999999999633e-02
6.820700000000000374e-02 6.457499999999999352e-02
7.916299999999999726e-02 6.454500000000000515e-02
8.911099999999999577e-02 6.430099999999999705e-02
9.793100000000000416e-02 6.390400000000000247e-02
1.049189999999999984e-01 6.329300000000000204e-02
1.100160000000000027e-01 6.198100000000000137e-02
1.131899999999999989e-01 5.947899999999999715e-02
1.141660000000000036e-01 5.645800000000000124e-02
1.141660000000000036e-01 5.395500000000000296e-02
1.122439999999999966e-01 5.032299999999999968e-02
1.095580000000000026e-01 4.504400000000000071e-02
1.063540000000000041e-01 3.964199999999999668e-02
1.015619999999999995e-01 3.420999999999999736e-02
9.674099999999999366e-02 2.856399999999999911e-02
9.170499999999999485e-02 2.157600000000000143e-02
8.706700000000000550e-02 1.480099999999999992e-02
8.193999999999999895e-02 7.568000000000000074e-03
7.672099999999999753e-02 -1.160000000000000007e-03
7.266200000000000436e-02 -9.520999999999999949e-03
6.924399999999999999e-02 -1.898199999999999887e-02
6.713900000000000423e-02 -2.871699999999999947e-02
6.549099999999999366e-02 -3.875699999999999978e-02
6.420900000000000218e-02 -4.965200000000000169e-02
6.362900000000000500e-02 -6.060800000000000215e-02
6.399499999999999633e-02 -7.168599999999999972e-02
6.457499999999999352e-02 -8.187899999999999345e-02
6.454500000000000515e-02 -9.289600000000000635e-02
6.430099999999999705e-02 -1.035459999999999992e-01
6.390400000000000247e-02 -1.128230000000000066e-01
6.329300000000000204e-02 -1.229549999999999949e-01
6.198100000000000137e-02 -1.313169999999999893e-01
5.947899999999999715e-02 -1.378169999999999951e-01
5.645800000000000124e-02 -1.439819999999999989e-01
5.395500000000000296e-02 -1.487729999999999886e-01
5.032299999999999968e-02 -1.530459999999999876e-01
4.504400000000000071e-02 -1.558839999999999948e-01
3.964199999999999668e-02 -1.562500000000000000e-01
3.420999999999999736e-02 -1.543579999999999952e-01
2.856399999999999911e-02 -1.509399999999999908e-01
2.157600000000000143e-02 -1.469119999999999870e-01
1.480099999999999992e-02 -1.403200000000000003e-01
7.568000000000000074e-03 -1.314700000000000035e-01
-1.160000000000000007e-03 -1.217040000000000066e-01
-9.520999999999999949e-03 -1.103819999999999940e-01
-1.898199999999999887e-02 -9.722899999999999598e-02
-2.871699999999999947e-02 -8.254999999999999838e-02
-3.875699999999999978e-02 -6.710800000000000098e-02
-4.965200000000000169e-02 -5.078099999999999975e-02
-6.060800000000000215e-02 -3.292799999999999894e-02
-7.168599999999999972e-02 -1.574700000000000058e-02
-8.187899999999999345e-02 7.020000000000000415e-04
-9.289600000000000635e-02 1.797500000000000139e-02
-1.035459999999999992e-01 3.402700000000000169e-02
-1.128230000000000066e-01 4.864500000000000074e-02
-1.229549999999999949e-01 6.304899999999999394e-02
-1.313169999999999893e-01 7.614100000000000035e-02
-1.378169999999999951e-01 8.633399999999999408e-02
-1.439819999999999989e-01 9.497099999999999986e-02
-1.487729999999999886e-01 1.028749999999999942e-01
-1.530459999999999876e-01 1.080929999999999946e-01
-1.558839999999999948e-01 1.113589999999999997e-01
-1.562500000000000000e-01 1.135560000000000042e-01
-1.543579999999999952e-01 1.135860000000000064e-01
-1.509399999999999908e-01 1.128849999999999992e-01
-1.469119999999999870e-01 1.109919999999999934e-01
-1.403200000000000003e-01 1.075129999999999975e-01
-1.314700000000000035e-01 1.037600000000000050e-01
-1.217040000000000066e-01 9.875499999999999556e-02
-1.103819999999999940e-01 9.378100000000000325e-02
-9.722899999999999598e-02 8.819599999999999662e-02
-8.254999999999999838e-02 8.300799999999999845e-02
-6.710800000000000098e-02 7.879600000000000493e-02
-5.078099999999999975e-02 7.400500000000000134e-02
-3.292799999999999894e-02 7.092299999999999993e-02
-1.574700000000000058e-02 6.784099999999999853e-02
7.020000000000000415e-04 6.558200000000000141e-02
1.797500000000000139e-02 6.463599999999999901e-02
3.402700000000000169e-02 6.347700000000000564e-02
4.864500000000000074e-02 6.301900000000000557e-02
6.304899999999999394e-02 6.353799999999999726e-02
7.614100000000000035e-02 6.368999999999999662e-02
8.633399999999999408e-02 6.292699999999999683e-02
9.497099999999999986e-02 6.289699999999999458e-02
1.028749999999999942e-01 6.146200000000000274e-02
1.080929999999999946e-01 5.993699999999999722e-02
1.113589999999999997e-01 5.892900000000000221e-02
1.135560000000000042e-01 5.679300000000000320e-02
1.135860000000000064e-01 5.310100000000000237e-02
1.128849999999999992e-01 4.867599999999999705e-02
1.109919999999999934e-01 4.464699999999999919e-02
1.075129999999999975e-01 3.955100000000000282e-02
1.037600000000000050e-01 3.509500000000000119e-02
9.875499999999999556e-02 2.917499999999999954e-02
9.378100000000000325e-02 2.175900000000000056e-02
8.819599999999999662e-02 1.568599999999999856e-02
8.300799999999999845e-02 8.758999999999999425e-03
7.879600000000000493e-02 1.526000000000000013e-03
7.400500000000000134e-02 -6.439000000000000279e-03
7.092299999999999993e-02 -1.617400000000000088e-02
6.784099999999999853e-02 -2.566500000000000031e-02
6.558200000000000141e-02 -3.472900000000000292e-02
6.463599999999999901e-02 -4.476900000000000324e-02
6.347700000000000564e-02 -5.590799999999999936e-02
6.301900000000000557e-02 -6.692499999999999838e-02
6.353799999999999726e-02 -7.690400000000000014e-02
6.368999999999999662e-02 -8.700600000000000001e-02
6.292699999999999683e-02 -9.808300000000000352e-02
6.289699999999999458e-02 -1.082150000000000056e-01
6.146200000000000274e-02 -1.173399999999999999e-01
5.993699999999999722e-02 -1.259460000000000024e-01
5.892900000000000221e-02 -1.330870000000000108e-01
5.679300000000000320e-02 -1.401370000000000116e-01
5.310100000000000237e-02 -1.459350000000000092e-01
4.867599999999999705e-02 -1.497799999999999965e-01
4.464699999999999919e-02 -1.525880000000000014e-01
3.955100000000000282e-02 -1.539000000000000090e-01
3.509500000000000119e-02 -1.532900000000000096e-01
2.917499999999999954e-02 -1.511230000000000073e-01
2.175900000000000056e-02 -1.481320000000000137e-01
1.568599999999999856e-02 -1.423649999999999916e-01
8.758999999999999425e-03 -1.352540000000000131e-01
1.526000000000000013e-03 -1.264039999999999886e-01
-6.439000000000000279e-03 -1.146240000000000037e-01
-1.617400000000000088e-02 -1.025699999999999945e-01
-2.566500000000000031e-02 -8.935500000000000387e-02
-3.472900000000000292e-02 -7.492100000000000148e-02
-4.476900000000000324e-02 -5.911299999999999888e-02
-5.590799999999999936e-02 -4.174800000000000039e-02
-6.692499999999999838e-02 -2.462800000000000059e-02
-7.690400000000000014e-02 -7.689999999999999787e-03
-8.700600000000000001e-02 9.705000000000000085e-03
-9.808300000000000352e-02 2.618399999999999894e-02
-1.082150000000000056e-01 4.150399999999999923e-02
-1.173399999999999999e-01 5.563400000000000289e-02
-1.259460000000000024e-01 6.915300000000000613e-02
-1.330870000000000108e-01 8.038299999999999612e-02
-1.401370000000000116e-01 9.008800000000000141e-02
-1.459350000000000092e-01 9.829699999999999549e-02
-1.497799999999999965e-01 1.033629999999999965e-01
-1.525880000000000014e-01 1.092830000000000051e-01
-1.539000000000000090e-01 1.120909999999999962e-01
-1.532900000000000096e-01 1.128539999999999960e-01
-1.511230000000000073e-01 1.124269999999999992e-01
-1.481320000000000137e-01 1.099549999999999972e-01
-1.423649999999999916e-01 1.075740000000000030e-01
-1.352540000000000131e-01 1.029970000000000052e-01
-1.264039999999999886e-01 9.860199999999999521e-02
-1.146240000000000037e-01 9.344500000000000028e-02
-1.025699999999999945e-01 8.914199999999999902e-02
-8.935500000000000387e-02 8.416700000000000570e-02
-7.492100000000000148e-02 7.885699999999999654e-02
-5.911299999999999888e-02 7.574500000000000677e-02
-4.174800000000000039e-02 7.205200000000000493e-02
-2.462800000000000059e-02 6.994599999999999429e-02
-7.689999999999999787e-03 6.811499999999999500e-02
9.705000000000000085e-03 6.677199999999999802e-02
2.618399999999999894e-02 6.616199999999999859e-02
4.150399999999999923e-02 6.597899999999999598e-02
5.563400000000000289e-02 6.573500000000000176e-02
6.915300000000000613e-02 6.527700000000000169e-02
8.038299999999999612e-02 6.527700000000000169e-02
9.008800000000000141e-02 6.558200000000000141e-02
9.829699999999999549e-02 6.460599999999999676e-02
1.033629999999999965e-01 6.182900000000000201e-02
1.092830000000000051e-01 6.103499999999999898e-02
1.120909999999999962e-01 5.850199999999999845e-02
1.128539999999999960e-01 5.535899999999999849e-02
1.124269999999999992e-01 5.245999999999999969e-02
1.099549999999999972e-01 4.763799999999999979e-02
1.075740000000000030e-01 4.333499999999999852e-02
1.029970000000000052e-01 3.778100000000000208e-02
9.860199999999999521e-02 3.216600000000000015e-02
9.344500000000000028e-02 2.658100000000000046e-02
8.914199999999999902e-02 1.986699999999999924e-02
8.416700000000000570e-02 1.266499999999999918e-02
7.885699999999999654e-02 5.066000000000000190e-03
7.574500000000000677e-02 -3.418000000000000031e-03
7.205200000000000493e-02 -1.238999999999999997e-02
6.994599999999999429e-02 -2.127100000000000171e-02
6.811499999999999500e-02 -3.118900000000000144e-02
6.677199999999999802e-02 -4.098500000000000060e-02
6.616199999999999859e-02 -5.163600000000000134e-02
6.597899999999999598e-02 -6.231699999999999739e-02
6.573500000000000176e-02 -7.309000000000000219e-02
6.527700000000000169e-02 -8.465599999999999514e-02
6.527700000000000169e-02 -9.475699999999999401e-02
6.558200000000000141e-02 -1.052860000000000046e-01
6.460599999999999676e-02 -1.154479999999999951e-01
6.182900000000000201e-02 -1.244510000000000061e-01
6.103499999999999898e-02 -1.327210000000000056e-01
5.850199999999999845e-02 -1.397710000000000063e-01
5.535899999999999849e-02 -1.457819999999999949e-01
5.245999999999999969e-02 -1.507570000000000021e-01
4.763799999999999979e-02 -1.546019999999999894e-01
4.333499999999999852e-02 -1.560670000000000113e-01
3.778100000000000208e-02 -1.560970000000000135e-01
3.216600000000000015e-02 -1.538090000000000013e-01
2.658100000000000046e-02 -1.509089999999999876e-01
1.986699999999999924e-02 -1.460569999999999924e-01
1.266499999999999918e-02 -1.384279999999999955e-01
5.066000000000000190e-03 -1.302800000000000069e-01
-3.418000000000000031e-03 -1.196590000000000015e-01
-1.238999999999999997e-02 -1.080320000000000030e-01
-2.127100000000000171e-02 -9.402499999999999747e-02
-3.118900000000000144e-02 -7.897899999999999365e-02
-4.098500000000000060e-02 -6.283600000000000296e-02
-5.163600000000000134e-02 -4.571499999999999869e-02
-6.231699999999999739e-02 -2.954100000000000129e-02
-7.309000000000000219e-02 -1.144399999999999931e-02
-8.465599999999999514e-02 6.011999999999999983e-03
-9.475699999999999401e-02 2.233900000000000122e-02
-1.052860000000000046e-01 3.805499999999999855e-02
-1.154479999999999951e-01 5.264300000000000229e-02
-1.244510000000000061e-01 6.622300000000000408e-02
-1.327210000000000056e-01 7.842999999999999972e-02
-1.397710000000000063e-01 8.804299999999999626e-02
-1.457819999999999949e-01 9.625200000000000422e-02
-1.507570000000000021e-01 1.036679999999999963e-01
-1.546019999999999894e-01 1.081540000000000001e-01
-1.560670000000000113e-01 1.117250000000000049e-01
-1.560970000000000135e-01 1.128849999999999992e-01
-1.538090000000000013e-01 1.120609999999999939e-01
-1.509089999999999876e-01 1.107790000000000025e-01
-1.460569999999999924e-01 1.077580000000000066e-01
-1.384279999999999955e-01 1.038209999999999966e-01
-1.302800000000000069e-01 9.927400000000000113e-02
-1.196590000000000015e-01 9.466600000000000015e-02
-1.080320000000000030e-01 9.008800000000000141e-02
-9.402499999999999747e-02 8.468599999999999739e-02
-7.897899999999999365e-02 7.995599999999999929e-02
-6.283600000000000296e-02 7.669099999999999528e-02
-4.571499999999999869e-02 7.251000000000000500e-02
-2.954100000000000129e-02 6.945800000000000585e-02
-1.144399999999999931e-02 6.771900000000000142e-02
6.011999999999999983e-03 6.640600000000000669e-02
2.233900000000000122e-02 6.631499999999999895e-02
3.805499999999999855e-02 6.570399999999999852e-02
5.264300000000000229e-02 6.533799999999999331e-02
6.622300000000000408e-02 6.573500000000000176e-02
7.842999999999999972e-02 6.573500000000000176e-02
8.804299999999999626e-02 6.491099999999999648e-02
9.625200000000000422e-02 6.430099999999999705e-02
1.036679999999999963e-01 6.350699999999999401e-02
1.081540000000000001e-01 6.198100000000000137e-02
1.117250000000000049e-01 5.972299999999999831e-02
1.128849999999999992e-01 5.700700000000000212e-02
1.120609999999999939e-01 5.367999999999999855e-02
1.107790000000000025e-01 4.965200000000000169e-02
1.077580000000000066e-01 4.620400000000000201e-02
1.038209999999999966e-01 4.159500000000000003e-02
9.927400000000000113e-02 3.567499999999999838e-02
9.466600000000000015e-02 3.008999999999999869e-02
9.008800000000000141e-02 2.392599999999999935e-02
8.468599999999999739e-02 1.709000000000000102e-02
7.995599999999999929e-02 9.827000000000000665e-03
7.669099999999999528e-02 1.281999999999999936e-03
7.251000000000000500e-02 -7.568000000000000074e-03
6.945800000000000585e-02 -1.635700000000000001e-02
6.771900000000000142e-02 -2.633699999999999930e-02
6.640600000000000669e-02 -3.643799999999999817e-02
6.631499999999999895e-02 -4.635600000000000137e-02
6.570399999999999852e-02 -5.645800000000000124e-02
6.533799999999999331e-02 -6.729100000000000359e-02
6.573500000000000176e-02 -7.885699999999999654e-02
6.573500000000000176e-02 -8.935500000000000387e-02
6.491099999999999648e-02 -9.973100000000000021e-02
6.430099999999999705e-02 -1.103210000000000024e-01
6.350699999999999401e-02 -1.194759999999999989e-01
6.198100000000000137e-02 -1.281430000000000069e-01
5.972299999999999831e-02 -1.361690000000000123e-01
5.700700000000000212e-02 -1.425170000000000048e-01
5.367999999999999855e-02 -1.483150000000000024e-01
4.965200000000000169e-02 -1.530759999999999899e-01
4.620400000000000201e-02 -1.556089999999999973e-01
4.159500000000000003e-02 -1.561889999999999945e-01
3.567499999999999838e-02 -1.560970000000000135e-01
3.008999999999999869e-02 -1.541440000000000032e-01
2.392599999999999935e-02 -1.492310000000000025e-01
1.709000000000000102e-02 -1.427920000000000023e-01
9.827000000000000665e-03 -1.345830000000000082e-01
1.281999999999999936e-03 -1.247859999999999941e-01
-7.568000000000000074e-03 -1.135560000000000042e-01
-1.635700000000000001e-02 -1.004639999999999977e-01
-2.633699999999999930e-02 -8.575399999999999689e-02
-3.643799999999999817e-02 -7.058699999999999697e-02
-4.635600000000000137e-02 -5.435199999999999754e-02
-5.645800000000000124e-02 -3.640700000000000186e-02
-6.729100000000000359e-02 -1.913499999999999923e-02
-7.885699999999999654e-02 -1.770000000000000089e-03
-8.935500000000000387e-02 1.525899999999999999e-02
-9.973100000000000021e-02 3.112799999999999942e-02
-1.103210000000000024e-01 4.617299999999999877e-02
-1.194759999999999989e-01 5.929600000000000148e-02
-1.281430000000000069e-01 7.253999999999999337e-02
-1.361690000000000123e-01 8.331299999999999817e-02
-1.425170000000000048e-01 9.179700000000000359e-02
-1.483150000000000024e-01 1.003720000000000029e-01
-1.530759999999999899e-01 1.059269999999999934e-01
-1.556089999999999973e-01 1.097719999999999946e-01
-1.561889999999999945e-01 1.116329999999999961e-01
-1.560970000000000135e-01 1.122739999999999988e-01
-1.541440000000000032e-01 1.114809999999999968e-01
-1.492310000000000025e-01 1.086430000000000035e-01
-1.427920000000000023e-01 1.059879999999999989e-01
-1.345830000000000082e-01 1.017149999999999999e-01
-1.247859999999999941e-01 9.750399999999999345e-02
-1.135560000000000042e-01 9.249899999999999789e-02
-1.004639999999999977e-01 8.740199999999999358e-02
-8.575399999999999689e-02 8.297699999999999521e-02
-7.058699999999999697e-02 7.861300000000000232e-02
-5.435199999999999754e-02 7.666000000000000592e-02
-3.640700000000000186e-02 7.357800000000000451e-02
-1.913499999999999923e-02 7.125900000000000289e-02
-1.770000000000000089e-03 7.070899999999999408e-02
1.525899999999999999e-02 6.967199999999999782e-02
3.112799999999999942e-02 6.961100000000000620e-02
4.617299999999999877e-02 6.912200000000000288e-02
5.929600000000000148e-02 6.820700000000000374e-02
7.253999999999999337e-02 6.771900000000000142e-02
8.331299999999999817e-02 6.668100000000000416e-02
9.179700000000000359e-02 6.543000000000000205e-02
1.003720000000000029e-01 6.487999999999999323e-02
1.059269999999999934e-01 6.277499999999999747e-02
1.097719999999999946e-01 6.036400000000000099e-02
1.116329999999999961e-01 5.798299999999999982e-02
1.122739999999999988e-01 5.429099999999999898e-02
1.114809999999999968e-01 5.072000000000000119e-02
1.086430000000000035e-01 4.599000000000000310e-02
1.059879999999999989e-01 4.156499999999999778e-02
1.017149999999999999e-01 3.753700000000000092e-02
9.750399999999999345e-02 3.134200000000000180e-02
9.249899999999999789e-02 2.523800000000000002e-02
8.740199999999999358e-02 1.898199999999999887e-02
8.297699999999999521e-02 1.147500000000000082e-02
7.861300000000000232e-02 3.997999999999999818e-03
7.666000000000000592e-02 -4.271999999999999756e-03
7.357800000000000451e-02 -1.361099999999999983e-02
7.125900000000000289e-02 -2.276600000000000151e-02
7.070899999999999408e-02 -3.247099999999999986e-02
6.967199999999999782e-02 -4.321300000000000141e-02
6.961100000000000620e-02 -5.328399999999999803e-02
6.912200000000000288e-02 -6.414799999999999669e-02
6.820700000000000374e-02 -7.568400000000000127e-02
6.771900000000000142e-02 -8.535800000000000332e-02
6.668100000000000416e-02 -9.579500000000000515e-02
6.543000000000000205e-02 -1.062010000000000037e-01
6.487999999999999323e-02 -1.156009999999999954e-01
6.277499999999999747e-02 -1.245119999999999977e-01
6.036400000000000099e-02 -1.324770000000000114e-01
5.798299999999999982e-02 -1.400450000000000028e-01
5.429099999999999898e-02 -1.460269999999999901e-01
5.072000000000000119e-02 -1.508790000000000131e-01
4.599000000000000310e-02 -1.543879999999999975e-01
4.156499999999999778e-02 -1.563420000000000087e-01
3.753700000000000092e-02 -1.558529999999999915e-01
3.134200000000000180e-02 -1.545100000000000084e-01
2.523800000000000002e-02 -1.514590000000000103e-01
1.898199999999999887e-02 -1.452330000000000010e-01
1.147500000000000082e-02 -1.380309999999999870e-01
3.997999999999999818e-03 -1.282959999999999934e-01
-4.271999999999999756e-03 -1.173399999999999999e-01
-1.361099999999999983e-02 -1.039729999999999960e-01
-2.276600000000000151e-02 -8.993500000000000105e-02
-3.247099999999999986e-02 -7.562299999999999578e-02
-4.321300000000000141e-02 -5.877700000000000286e-02
-5.328399999999999803e-02 -4.193100000000000299e-02
-6.414799999999999669e-02 -2.441400000000000167e-02
-7.568400000000000127e-02 -7.964999999999999858e-03
-8.535800000000000332e-02 8.727999999999999647e-03
-9.579500000000000515e-02 2.548200000000000118e-02
-1.062010000000000037e-01 4.064899999999999763e-02
-1.156009999999999954e-01 5.480999999999999761e-02
-1.245119999999999977e-01 6.680300000000000127e-02
-1.324770000000000114e-01 7.806399999999999451e-02
-1.400450000000000028e-01 8.770799999999999430e-02
-1.460269999999999901e-01 9.585599999999999676e-02
-1.508790000000000131e-01 1.022030000000000022e-01
-1.543879999999999975e-01 1.059269999999999934e-01
-1.563420000000000087e-01 1.087650000000000006e-01
-1.558529999999999915e-01 1.095890000000000059e-01
-1.545100000000000084e-01 1.085210000000000063e-01
-1.514590000000000103e-01 1.072690000000000032e-01
-1.452330000000000010e-01 1.042789999999999967e-01
-1.380309999999999870e-01 1.000670000000000032e-01
-1.282959999999999934e-01 9.603899999999999937e-02
-1.173399999999999999e-01 9.133900000000000352e-02
-1.039729999999999960e-01 8.676100000000000478e-02
-8.993500000000000105e-02 8.251999999999999613e-02
-7.562299999999999578e-02 7.879600000000000493e-02
-5.877700000000000286e-02 7.583600000000000063e-02
-4.193100000000000299e-02 7.321199999999999930e-02
-2.441400000000000167e-02 7.119799999999999740e-02
-7.964999999999999858e-03 6.973300000000000332e-02
8.727999999999999647e-03 6.884800000000000642e-02
2.548200000000000118e-02 6.860399999999999832e-02
4.064899999999999763e-02 6.860399999999999832e-02
5.480999999999999761e-02 6.826799999999999535e-02
6.680300000000000127e-02 6.811499999999999500e-02
7.806399999999999451e-02 6.796299999999999564e-02
8.770799999999999430e-02 6.722999999999999809e-02
9.585599999999999676e-02 6.604000000000000148e-02
1.022030000000000022e-01 6.451400000000000190e-02
1.059269999999999934e-01 6.277499999999999747e-02
1.087650000000000006e-01 6.033299999999999774e-02
1.095890000000000059e-01 5.764799999999999786e-02
1.085210000000000063e-01 5.441300000000000303e-02
1.072690000000000032e-01 5.020100000000000257e-02
1.042789999999999967e-01 4.657000000000000028e-02
1.000670000000000032e-01 4.202299999999999786e-02
9.603899999999999937e-02 3.680400000000000338e-02
9.133900000000000352e-02 3.213499999999999690e-02
8.676100000000000478e-02 2.529899999999999857e-02
8.251999999999999613e-02 1.782200000000000104e-02
7.879600000000000493e-02 1.043700000000000010e-02
7.583600000000000063e-02 2.014000000000000165e-03
7.321199999999999930e-02 -6.256000000000000276e-03
7.119799999999999740e-02 -1.580799999999999914e-02
6.973300000000000332e-02 -2.615400000000000016e-02
6.884800000000000642e-02 -3.656000000000000222e-02
6.860399999999999832e-02 -4.742400000000000088e-02
6.860399999999999832e-02 -5.819699999999999873e-02
6.826799999999999535e-02 -6.970200000000000007e-02
6.811499999999999500e-02 -8.142099999999999338e-02
6.796299999999999564e-02 -9.207200000000000106e-02
6.722999999999999809e-02 -1.022340000000000054e-01
6.604000000000000148e-02 -1.126400000000000040e-01
6.451400000000000190e-02 -1.221310000000000034e-01
6.277499999999999747e-02 -1.307979999999999976e-01
6.033299999999999774e-02 -1.387940000000000007e-01
5.764799999999999786e-02 -1.448969999999999980e-01
5.441300000000000303e-02 -1.501770000000000049e-01
5.020100000000000257e-02 -1.547240000000000004e-01
4.657000000000000028e-02 -1.574099999999999944e-01
4.202299999999999786e-02 -1.582030000000000103e-01
3.680400000000000338e-02 -1.573789999999999911e-01
3.213499999999999690e-02 -1.547240000000000004e-01
2.529899999999999857e-02 -1.496889999999999887e-01
1.782200000000000104e-02 -1.428830000000000100e-01
1.043700000000000010e-02 -1.343080000000000107e-01
2.014000000000000165e-03 -1.237489999999999979e-01
-6.256000000000000276e-03 -1.109310000000000018e-01
-1.580799999999999914e-02 -9.649699999999999944e-02
-2.615400000000000016e-02 -8.221399999999999542e-02
-3.656000000000000222e-02 -6.622300000000000408e-02
-4.742400000000000088e-02 -4.870599999999999929e-02
-5.819699999999999873e-02 -3.192099999999999799e-02
-6.970200000000000007e-02 -1.461800000000000078e-02
-8.142099999999999338e-02 2.869000000000000022e-03
-9.207200000000000106e-02 1.937900000000000039e-02
-1.022340000000000054e-01 3.430199999999999916e-02
-1.126400000000000040e-01 4.882800000000000334e-02
-1.221310000000000034e-01 6.310999999999999943e-02
-1.307979999999999976e-01 7.467699999999999338e-02
-1.387940000000000007e-01 8.471700000000000064e-02
-1.448969999999999980e-01 9.368899999999999451e-02
-1.501770000000000049e-01 1.002809999999999951e-01
-1.547240000000000004e-01 1.048280000000000045e-01
-1.574099999999999944e-01 1.082150000000000056e-01
-1.582030000000000103e-01 1.095890000000000059e-01
-1.573789999999999911e-01 1.092530000000000029e-01
-1.547240000000000004e-01 1.081540000000000001e-01
-1.496889999999999887e-01 1.048889999999999961e-01
-1.428830000000000100e-01 1.010130000000000056e-01
-1.343080000000000107e-01 9.725999999999999923e-02
-1.237489999999999979e-01 9.240700000000000303e-02
-1.109310000000000018e-01 8.840900000000000147e-02
-9.649699999999999944e-02 8.471700000000000064e-02
-8.221399999999999542e-02 8.019999999999999352e-02
-6.622300000000000408e-02 7.708700000000000274e-02
-4.870599999999999929e-02 7.492100000000000148e-02
-3.192099999999999799e-02 7.312000000000000444e-02
-1.461800000000000078e-02 7.183799999999999908e-02
2.869000000000000022e-03 7.040399999999999436e-02
1.937900000000000039e-02 6.933599999999999486e-02
3.430199999999999916e-02 6.875599999999999767e-02
4.882800000000000334e-02 6.872599999999999543e-02
6.310999999999999943e-02 6.884800000000000642e-02
7.467699999999999338e-02 6.805400000000000338e-02
8.471700000000000064e-02 6.619300000000000184e-02
9.368899999999999451e-02 6.506299999999999584e-02
1.002809999999999951e-01 6.350699999999999401e-02
1.048280000000000045e-01 6.112700000000000078e-02
1.082150000000000056e-01 5.920399999999999968e-02
1.095890000000000059e-01 5.596899999999999792e-02
1.092530000000000029e-01 5.316200000000000092e-02
1.081540000000000001e-01 4.998799999999999771e-02
1.048889999999999961e-01 4.650900000000000173e-02
1.010130000000000056e-01 4.177899999999999670e-02
9.725999999999999923e-02 3.616300000000000070e-02
9.240700000000000303e-02 3.179900000000000088e-02
8.840900000000000147e-02 2.563500000000000154e-02
8.471700000000000064e-02 1.934800000000000061e-02
8.019999999999999352e-02 1.208500000000000026e-02
7.708700000000000274e-02 3.967000000000000040e-03
7.492100000000000148e-02 -4.546999999999999827e-03
7.312000000000000444e-02 -1.379400000000000071e-02
7.183799999999999908e-02 -2.328500000000000014e-02
7.040399999999999436e-02 -3.384399999999999908e-02
6.933599999999999486e-02 -4.406700000000000200e-02
6.875599999999999767e-02 -5.526699999999999668e-02
6.872599999999999543e-02 -6.600999999999999923e-02
6.884800000000000642e-02 -7.696500000000000563e-02
6.805400000000000338e-02 -8.789099999999999691e-02
6.619300000000000184e-02 -9.820600000000000163e-02
6.506299999999999584e-02 -1.094969999999999971e-01
6.350699999999999401e-02 -1.188049999999999939e-01
6.112700000000000078e-02 -1.271059999999999968e-01
5.920399999999999968e-02 -1.360780000000000045e-01
5.596899999999999792e-02 -1.430970000000000020e-01
5.316200000000000092e-02 -1.481320000000000137e-01
4.998799999999999771e-02 -1.529850000000000099e-01
4.650900000000000173e-02 -1.560060000000000058e-01
4.177899999999999670e-02 -1.573180000000000134e-01
3.616300000000000070e-02 -1.575620000000000076e-01
3.179900000000000088e-02 -1.550900000000000056e-01
2.563500000000000154e-02 -1.505430000000000101e-01
1.934800000000000061e-02 -1.449580000000000035e-01
1.208500000000000026e-02 -1.369019999999999959e-01
3.967000000000000040e-03 -1.267089999999999883e-01
-4.546999999999999827e-03 -1.157529999999999948e-01
-1.379400000000000071e-02 -1.025699999999999945e-01
-2.328500000000000014e-02 -8.804299999999999626e-02
-3.384399999999999908e-02 -7.299799999999999345e-02
-4.406700000000000200e-02 -5.688499999999999807e-02
-5.526699999999999668e-02 -3.945900000000000102e-02
-6.600999999999999923e-02 -2.206400000000000028e-02
-7.696500000000000563e-02 -5.370999999999999906e-03
-8.789099999999999691e-02 1.116900000000000011e-02
-9.820600000000000163e-02 2.713000000000000134e-02
-1.094969999999999971e-01 4.205300000000000010e-02
-1.188049999999999939e-01 5.511499999999999733e-02
-1.271059999999999968e-01 6.802400000000000113e-02
-1.360780000000000045e-01 7.965099999999999958e-02
-1.430970000000000020e-01 8.837899999999999923e-02
-1.481320000000000137e-01 9.524499999999999633e-02
-1.529850000000000099e-01 1.012880000000000030e-01
-1.560060000000000058e-01 1.050719999999999987e-01
-1.573180000000000134e-01 1.065060000000000034e-01
-1.575620000000000076e-01 1.070559999999999984e-01
-1.550900000000000056e-01 1.057130000000000014e-01
-1.505430000000000101e-01 1.038509999999999989e-01
-1.449580000000000035e-01 1.011350000000000027e-01
-1.369019999999999959e-01 9.716800000000000437e-02
-1.267089999999999883e-01 9.277299999999999436e-02
-1.157529999999999948e-01 8.914199999999999902e-02
-1.025699999999999945e-01 8.566300000000000303e-02
-8.804299999999999626e-02 8.209199999999999831e-02
-7.299799999999999345e-02 7.937600000000000211e-02
-5.688499999999999807e-02 7.653799999999999493e-02
-3.945900000000000102e-02 7.507300000000000084e-02
-2.206400000000000028e-02 7.421899999999999331e-02
-5.370999999999999906e-03 7.318099999999999605e-02
1.116900000000000011e-02 7.251000000000000500e-02
2.713000000000000134e-02 7.186900000000000233e-02
4.205300000000000010e-02 7.101399999999999380e-02
5.511499999999999733e-02 7.016000000000000014e-02
6.802400000000000113e-02 6.948899999999999522e-02
7.965099999999999958e-02 6.887799999999999478e-02
8.837899999999999923e-02 6.729100000000000359e-02
9.524499999999999633e-02 6.533799999999999331e-02
1.012880000000000030e-01 6.451400000000000190e-02
1.050719999999999987e-01 6.176800000000000346e-02
1.065060000000000034e-01 5.917399999999999743e-02
1.070559999999999984e-01 5.664099999999999691e-02
1.057130000000000014e-01 5.255100000000000049e-02
1.038509999999999989e-01 4.913300000000000306e-02
1.011350000000000027e-01 4.516599999999999782e-02
9.716800000000000437e-02 4.064899999999999763e-02
9.277299999999999436e-02 3.497299999999999714e-02
8.914199999999999902e-02 2.902199999999999919e-02
8.566300000000000303e-02 2.279700000000000129e-02
8.209199999999999831e-02 1.565599999999999978e-02
7.937600000000000211e-02 8.026000000000000148e-03
7.653799999999999493e-02 -9.770000000000000039e-04
7.507300000000000084e-02 -1.000999999999999980e-02
7.421899999999999331e-02 -1.947000000000000119e-02
7.318099999999999605e-02 -2.978499999999999898e-02
7.251000000000000500e-02 -3.994799999999999740e-02
7.186900000000000233e-02 -5.065900000000000264e-02
7.101399999999999380e-02 -6.182900000000000201e-02
7.016000000000000014e-02 -7.333399999999999641e-02
6.948899999999999522e-02 -8.410600000000000021e-02
6.887799999999999478e-02 -9.435999999999999943e-02
6.729100000000000359e-02 -1.058039999999999953e-01
6.533799999999999331e-02 -1.154789999999999983e-01
6.451400000000000190e-02 -1.246639999999999970e-01
6.176800000000000346e-02 -1.338199999999999945e-01
5.917399999999999743e-02 -1.413880000000000137e-01
5.664099999999999691e-02 -1.475519999999999887e-01
5.255100000000000049e-02 -1.524659999999999904e-01
4.913300000000000306e-02 -1.571039999999999937e-01
4.516599999999999782e-02 -1.592099999999999904e-01
4.064899999999999763e-02 -1.599430000000000018e-01
3.497299999999999714e-02 -1.582030000000000103e-01
2.902199999999999919e-02 -1.539609999999999868e-01
2.279700000000000129e-02 -1.488949999999999996e-01
1.565599999999999978e-02 -1.412960000000000049e-01
8.026000000000000148e-03 -1.313479999999999925e-01
-9.770000000000000039e-04 -1.197809999999999986e-01
-1.000999999999999980e-02 -1.074520000000000058e-01
-1.947000000000000119e-02 -9.307899999999999507e-02
-2.978499999999999898e-02 -7.806399999999999451e-02
-3.994799999999999740e-02 -6.158399999999999985e-02
-5.065900000000000264e-02 -4.424999999999999767e-02
-6.182900000000000201e-02 -2.734400000000000025e-02
-7.333399999999999641e-02 -9.705000000000000085e-03
-8.410600000000000021e-02 6.865999999999999708e-03
-9.435999999999999943e-02 2.343800000000000050e-02
-1.058039999999999953e-01 3.942899999999999877e-02
-1.154789999999999983e-01 5.337499999999999883e-02
-1.246639999999999970e-01 6.619300000000000184e-02
-1.338199999999999945e-01 7.800300000000000289e-02
-1.413880000000000137e-01 8.718900000000000261e-02
-1.475519999999999887e-01 9.487900000000000500e-02
-1.524659999999999904e-01 1.011350000000000027e-01
-1.571039999999999937e-01 1.051330000000000042e-01
-1.592099999999999904e-01 1.072390000000000010e-01
-1.599430000000000018e-01 1.071170000000000039e-01
-1.582030000000000103e-01 1.067810000000000009e-01
-1.539609999999999868e-01 1.049189999999999984e-01
-1.488949999999999996e-01 1.013489999999999946e-01
-1.412960000000000049e-01 9.713700000000000112e-02
-1.313479999999999925e-01 9.350600000000000578e-02
-1.197809999999999986e-01 8.987399999999999556e-02
-1.074520000000000058e-01 8.535800000000000332e-02
-9.307899999999999507e-02 8.169600000000000473e-02
-7.806399999999999451e-02 7.888799999999999979e-02
-6.158399999999999985e-02 7.687399999999999789e-02
-4.424999999999999767e-02 7.440199999999999592e-02
-2.734400000000000025e-02 7.284499999999999309e-02
-9.705000000000000085e-03 7.177699999999999358e-02
6.865999999999999708e-03 7.049600000000000311e-02
2.343800000000000050e-02 6.994599999999999429e-02
3.942899999999999877e-02 6.945800000000000585e-02
5.337499999999999883e-02 6.884800000000000642e-02
6.619300000000000184e-02 6.829799999999999760e-02
7.800300000000000289e-02 6.796299999999999564e-02
8.718900000000000261e-02 6.643699999999999606e-02
9.487900000000000500e-02 6.524699999999999944e-02
1.011350000000000027e-01 6.390400000000000247e-02
1.051330000000000042e-01 6.213400000000000173e-02
1.072390000000000010e-01 6.039400000000000324e-02
1.071170000000000039e-01 5.734299999999999814e-02
1.067810000000000009e-01 5.432100000000000123e-02
1.049189999999999984e-01 5.105599999999999722e-02
1.013489999999999946e-01 4.730199999999999683e-02
9.713700000000000112e-02 4.260300000000000198e-02
9.350600000000000578e-02 3.756700000000000317e-02
8.987399999999999556e-02 3.256200000000000067e-02
8.535800000000000332e-02 2.645899999999999988e-02
8.169600000000000473e-02 1.965300000000000033e-02
7.888799999999999979e-02 1.245100000000000026e-02
7.687399999999999789e-02 4.517000000000000182e-03
7.440199999999999592e-02 -4.577999999999999604e-03
7.284499999999999309e-02 -1.391599999999999955e-02
7.177699999999999358e-02 -2.298000000000000043e-02
7.049600000000000311e-02 -3.375199999999999728e-02
6.994599999999999429e-02 -4.519700000000000106e-02
6.945800000000000585e-02 -5.557299999999999740e-02
6.884800000000000642e-02 -6.671100000000000640e-02
6.829799999999999760e-02 -7.803300000000000514e-02
6.796299999999999564e-02 -8.880599999999999605e-02
6.643699999999999606e-02 -9.991500000000000381e-02
6.524699999999999944e-02 -1.099849999999999994e-01
6.390400000000000247e-02 -1.197199999999999931e-01
6.213400000000000173e-02 -1.297609999999999875e-01
6.039400000000000324e-02 -1.377559999999999896e-01
5.734299999999999814e-02 -1.443480000000000041e-01
5.432100000000000123e-02 -1.508790000000000131e-01
5.105599999999999722e-02 -1.558839999999999948e-01
4.730199999999999683e-02 -1.584170000000000023e-01
4.260300000000000198e-02 -1.592099999999999904e-01
3.756700000000000317e-02 -1.589359999999999939e-01
3.256200000000000067e-02 -1.560670000000000113e-01
2.645899999999999988e-02 -1.507259999999999989e-01
1.965300000000000033e-02 -1.436769999999999992e-01
1.245100000000000026e-02 -1.346440000000000137e-01
4.517000000000000182e-03 -1.244200000000000028e-01
-4.577999999999999604e-03 -1.128230000000000066e-01
-1.391599999999999955e-02 -9.851100000000000134e-02
-2.298000000000000043e-02 -8.352700000000000402e-02
-3.375199999999999728e-02 -6.820700000000000374e-02
-4.519700000000000106e-02 -5.194100000000000106e-02
-5.557299999999999740e-02 -3.543099999999999722e-02
-6.671100000000000640e-02 -1.739500000000000074e-02
-7.803300000000000514e-02 6.099999999999999872e-05
-8.880599999999999605e-02 1.641799999999999857e-02
-9.991500000000000381e-02 3.189100000000000268e-02
-1.099849999999999994e-01 4.663099999999999884e-02
-1.197199999999999931e-01 6.057699999999999890e-02
-1.297609999999999875e-01 7.214399999999999979e-02
-1.377559999999999896e-01 8.279400000000000648e-02
-1.443480000000000041e-01 9.121700000000000641e-02
-1.508790000000000131e-01 9.783899999999999542e-02
-1.558839999999999948e-01 1.020199999999999996e-01
-1.584170000000000023e-01 1.041870000000000018e-01
-1.592099999999999904e-01 1.061099999999999960e-01
-1.589359999999999939e-01 1.055600000000000011e-01
-1.560670000000000113e-01 1.037600000000000050e-01
-1.507259999999999989e-01 1.011050000000000004e-01
-1.436769999999999992e-01 9.790000000000000091e-02
-1.346440000000000137e-01 9.475699999999999401e-02
-1.244200000000000028e-01 9.118700000000000416e-02
-1.128230000000000066e-01 8.776899999999999979e-02
-9.851100000000000134e-02 8.444200000000000317e-02
-8.352700000000000402e-02 8.105500000000000205e-02
-6.820700000000000374e-02 7.882699999999999430e-02
-5.194100000000000106e-02 7.717899999999999761e-02
-3.543099999999999722e-02 7.559200000000000641e-02
-1.739500000000000074e-02 7.492100000000000148e-02
6.099999999999999872e-05 7.363899999999999613e-02
1.641799999999999857e-02 7.263200000000000212e-02
3.189100000000000268e-02 7.278400000000000147e-02
4.663099999999999884e-02 7.208299999999999430e-02
6.057699999999999890e-02 7.107499999999999929e-02
7.214399999999999979e-02 7.022100000000000564e-02
8.279400000000000648e-02 6.906099999999999739e-02
9.121700000000000641e-02 6.805400000000000338e-02
9.783899999999999542e-02 6.683300000000000352e-02
1.020199999999999996e-01 6.491099999999999648e-02
1.041870000000000018e-01 6.204199999999999993e-02
1.061099999999999960e-01 5.972299999999999831e-02
1.055600000000000011e-01 5.700700000000000212e-02
1.037600000000000050e-01 5.328399999999999803e-02
1.011050000000000004e-01 4.968299999999999800e-02
9.790000000000000091e-02 4.495199999999999890e-02
9.475699999999999401e-02 3.985600000000000254e-02
9.118700000000000416e-02 3.442400000000000321e-02
8.776899999999999979e-02 2.862500000000000114e-02
8.444200000000000317e-02 2.185099999999999890e-02
8.105500000000000205e-02 1.455700000000000049e-02
7.882699999999999430e-02 6.836000000000000063e-03
7.717899999999999761e-02 -2.135999999999999878e-03
7.559200000000000641e-02 -1.123000000000000040e-02
7.492100000000000148e-02 -2.108799999999999911e-02
7.363899999999999613e-02 -3.066999999999999935e-02
7.263200000000000212e-02 -4.116800000000000320e-02
7.278400000000000147e-02 -5.178800000000000070e-02
7.208299999999999430e-02 -6.268300000000000261e-02
7.107499999999999929e-02 -7.397499999999999909e-02
7.022100000000000564e-02 -8.416700000000000570e-02
6.906099999999999739e-02 -9.512299999999999922e-02
6.805400000000000338e-02 -1.055600000000000011e-01
6.683300000000000352e-02 -1.155400000000000038e-01
6.491099999999999648e-02 -1.255799999999999972e-01
6.204199999999999993e-02 -1.343989999999999907e-01
5.972299999999999831e-02 -1.413270000000000082e-01
5.700700000000000212e-02 -1.478579999999999894e-01
5.328399999999999803e-02 -1.532590000000000063e-01
4.968299999999999800e-02 -1.564939999999999942e-01
4.495199999999999890e-02 -1.578670000000000073e-01
3.985600000000000254e-02 -1.579899999999999916e-01
3.442400000000000321e-02 -1.570130000000000137e-01
2.862500000000000114e-02 -1.523740000000000094e-01
2.185099999999999890e-02 -1.461179999999999979e-01
1.455700000000000049e-02 -1.383359999999999868e-01
6.836000000000000063e-03 -1.283870000000000011e-01
-2.135999999999999878e-03 -1.166380000000000056e-01
-1.123000000000000040e-02 -1.031799999999999939e-01
-2.108799999999999911e-02 -8.911099999999999577e-02
-3.066999999999999935e-02 -7.357800000000000451e-02
-4.116800000000000320e-02 -5.694599999999999662e-02
-5.178800000000000070e-02 -3.997799999999999965e-02
-6.268300000000000261e-02 -2.304099999999999898e-02
-7.397499999999999909e-02 -6.104000000000000051e-03
-8.416700000000000570e-02 1.074199999999999981e-02
-9.512299999999999922e-02 2.685500000000000040e-02
-1.055600000000000011e-01 4.147300000000000292e-02
-1.155400000000000038e-01 5.532800000000000218e-02
-1.255799999999999972e-01 6.780999999999999528e-02
-1.343989999999999907e-01 7.855199999999999683e-02
-1.413270000000000082e-01 8.706700000000000550e-02
-1.478579999999999894e-01 9.344500000000000028e-02
-1.532590000000000063e-01 9.905999999999999528e-02
-1.564939999999999942e-01 1.023249999999999993e-01
-1.578670000000000073e-01 1.036989999999999995e-01
-1.579899999999999916e-01 1.033020000000000049e-01
-1.570130000000000137e-01 1.025999999999999968e-01
-1.523740000000000094e-01 1.001890000000000003e-01
-1.461179999999999979e-01 9.668000000000000205e-02
-1.383359999999999868e-01 9.451299999999999979e-02
-1.283870000000000011e-01 9.081999999999999795e-02
-1.166380000000000056e-01 8.752400000000000457e-02
-1.031799999999999939e-01 8.477800000000000613e-02
-8.911099999999999577e-02 8.178699999999999859e-02
-7.357800000000000451e-02 7.971200000000000507e-02
-5.694599999999999662e-02 7.778899999999999704e-02
-3.997799999999999965e-02 7.553100000000000092e-02
-2.304099999999999898e-02 7.449300000000000366e-02
-6.104000000000000051e-03 7.324200000000000155e-02
1.074199999999999981e-02 7.192999999999999394e-02
2.685500000000000040e-02 7.202100000000000168e-02
4.147300000000000292e-02 7.107499999999999929e-02
5.532800000000000218e-02 7.055699999999999472e-02
6.780999999999999528e-02 7.006800000000000528e-02
7.855199999999999683e-02 6.927500000000000324e-02
8.706700000000000550e-02 6.820700000000000374e-02
9.344500000000000028e-02 6.689499999999999613e-02
9.905999999999999528e-02 6.539899999999999880e-02
1.023249999999999993e-01 6.381199999999999373e-02
1.036989999999999995e-01 6.213400000000000173e-02
1.033020000000000049e-01 5.908200000000000257e-02
1.025999999999999968e-01 5.612199999999999828e-02
1.001890000000000003e-01 5.291699999999999876e-02
9.668000000000000205e-02 4.916399999999999937e-02
9.451299999999999979e-02 4.391500000000000264e-02
9.081999999999999795e-02 3.918499999999999761e-02
8.752400000000000457e-02 3.411899999999999655e-02
8.477800000000000613e-02 2.703900000000000053e-02
8.178699999999999859e-02 1.995800000000000005e-02
7.971200000000000507e-02 1.208500000000000026e-02
7.778899999999999704e-02 3.906000000000000184e-03
7.553100000000000092e-02 -5.828999999999999980e-03
7.449300000000000366e-02 -1.507600000000000086e-02
7.324200000000000155e-02 -2.484099999999999850e-02
7.192999999999999394e-02 -3.601100000000000134e-02
7.202100000000000168e-02 -4.589800000000000130e-02
7.107499999999999929e-02 -5.722000000000000003e-02
7.055699999999999472e-02 -6.829799999999999760e-02
7.006800000000000528e-02 -7.919299999999999951e-02
6.927500000000000324e-02 -9.060699999999999310e-02
6.820700000000000374e-02 -1.010130000000000056e-01
6.689499999999999613e-02 -1.128539999999999960e-01
6.539899999999999880e-02 -1.233220000000000011e-01
6.381199999999999373e-02 -1.315610000000000113e-01
6.213400000000000173e-02 -1.400760000000000061e-01
5.908200000000000257e-02 -1.472779999999999923e-01
5.612199999999999828e-02 -1.535950000000000093e-01
5.291699999999999876e-02 -1.576839999999999908e-01
4.916399999999999937e-02 -1.597899999999999876e-01
4.391500000000000264e-02 -1.607359999999999900e-01
3.918499999999999761e-02 -1.595149999999999901e-01
3.411899999999999655e-02 -1.563420000000000087e-01
2.703900000000000053e-02 -1.507870000000000044e-01
1.995800000000000005e-02 -1.436769999999999992e-01
1.208500000000000026e-02 -1.348880000000000079e-01
3.906000000000000184e-03 -1.239620000000000027e-01
-5.828999999999999980e-03 -1.108090000000000047e-01
-1.507600000000000086e-02 -9.668000000000000205e-02
-2.484099999999999850e-02 -8.132899999999999852e-02
-3.601100000000000134e-02 -6.503299999999999359e-02
-4.589800000000000130e-02 -4.797400000000000275e-02
-5.722000000000000003e-02 -3.060900000000000079e-02
-6.829799999999999760e-02 -1.388499999999999977e-02
-7.919299999999999951e-02 4.150000000000000043e-03
-9.060699999999999310e-02 2.111800000000000135e-02
-1.010130000000000056e-01 3.677400000000000113e-02
-1.128539999999999960e-01 5.072000000000000119e-02
-1.233220000000000011e-01 6.314100000000000268e-02
-1.315610000000000113e-01 7.437100000000000655e-02
-1.400760000000000061e-01 8.340500000000000691e-02
-1.472779999999999923e-01 9.127799999999999803e-02
-1.535950000000000093e-01 9.664899999999999880e-02
-1.576839999999999908e-01 1.005859999999999949e-01
-1.597899999999999876e-01 1.025090000000000029e-01
-1.607359999999999900e-01 1.029970000000000052e-01
-1.595149999999999901e-01 1.021419999999999967e-01
-1.563420000000000087e-01 1.005859999999999949e-01
-1.507870000000000044e-01 9.890699999999999492e-02
-1.436769999999999992e-01 9.555099999999999705e-02
-1.348880000000000079e-01 9.204099999999999782e-02
-1.239620000000000027e-01 8.892799999999999316e-02
-1.108090000000000047e-01 8.608999999999999986e-02
-9.668000000000000205e-02 8.288600000000000134e-02
-8.132899999999999852e-02 8.081099999999999395e-02
-6.503299999999999359e-02 7.904100000000000015e-02
-4.797400000000000275e-02 7.727100000000000635e-02
-3.060900000000000079e-02 7.595799999999999774e-02
-1.388499999999999977e-02 7.403600000000000458e-02
4.150000000000000043e-03 7.293700000000000183e-02
2.111800000000000135e-02 7.241799999999999626e-02
3.677400000000000113e-02 7.168599999999999972e-02
5.072000000000000119e-02 7.012899999999999689e-02
6.314100000000000268e-02 7.006800000000000528e-02
7.437100000000000655e-02 6.921399999999999775e-02
8.340500000000000691e-02 6.778000000000000691e-02
9.127799999999999803e-02 6.689499999999999613e-02
9.664899999999999880e-02 6.439200000000000479e-02
1.005859999999999949e-01 6.314100000000000268e-02
1.025090000000000029e-01 6.124899999999999789e-02
1.029970000000000052e-01 5.862400000000000250e-02
1.021419999999999967e-01 5.630500000000000088e-02
1.005859999999999949e-01 5.297899999999999832e-02
9.890699999999999492e-02 4.895000000000000046e-02
9.555099999999999705e-02 4.458600000000000063e-02
9.204099999999999782e-02 3.994799999999999740e-02
8.892799999999999316e-02 3.448500000000000176e-02
8.608999999999999986e-02 2.819800000000000084e-02
8.288600000000000134e-02 2.148399999999999962e-02
8.081099999999999395e-02 1.443499999999999991e-02
7.904100000000000015e-02 6.408999999999999767e-03
7.727100000000000635e-02 -2.075000000000000022e-03
7.595799999999999774e-02 -1.205400000000000048e-02
7.403600000000000458e-02 -2.206400000000000028e-02
7.293700000000000183e-02 -3.164700000000000152e-02
7.241799999999999626e-02 -4.208400000000000335e-02
7.168599999999999972e-02 -5.294800000000000201e-02
7.012899999999999689e-02 -6.424000000000000543e-02
7.006800000000000528e-02 -7.522600000000000120e-02
6.921399999999999775e-02 -8.691400000000000514e-02
6.778000000000000691e-02 -9.741199999999999859e-02
6.689499999999999613e-02 -1.078189999999999982e-01
6.439200000000000479e-02 -1.186519999999999936e-01
6.314100000000000268e-02 -1.281740000000000101e-01
6.124899999999999789e-02 -1.368709999999999927e-01
5.862400000000000250e-02 -1.437680000000000069e-01
5.630500000000000088e-02 -1.499020000000000075e-01
5.297899999999999832e-02 -1.546939999999999982e-01
4.895000000000000046e-02 -1.584170000000000023e-01
4.458600000000000063e-02 -1.595459999999999934e-01
3.994799999999999740e-02 -1.587220000000000020e-01
3.448500000000000176e-02 -1.564639999999999920e-01
2.819800000000000084e-02 -1.514590000000000103e-01
2.148399999999999962e-02 -1.457209999999999894e-01
1.443499999999999991e-02 -1.370850000000000124e-01
6.408999999999999767e-03 -1.270139999999999880e-01
-2.075000000000000022e-03 -1.151120000000000060e-01
-1.205400000000000048e-02 -1.013180000000000053e-01
-2.206400000000000028e-02 -8.669999999999999929e-02
-3.164700000000000152e-02 -7.058699999999999697e-02
-4.208400000000000335e-02 -5.435199999999999754e-02
-5.294800000000000201e-02 -3.646900000000000142e-02
-6.424000000000000543e-02 -1.956199999999999953e-02
-7.522600000000000120e-02 -2.410999999999999949e-03
-8.691400000000000514e-02 1.467899999999999934e-02
-9.741199999999999859e-02 2.999900000000000136e-02
-1.078189999999999982e-01 4.522700000000000331e-02
-1.186519999999999936e-01 5.740399999999999670e-02
-1.281740000000000101e-01 6.857299999999999507e-02
-1.368709999999999927e-01 7.861300000000000232e-02
-1.437680000000000069e-01 8.618199999999999472e-02
-1.499020000000000075e-01 9.268200000000000049e-02
-1.546939999999999982e-01 9.616099999999999648e-02
-1.584170000000000023e-01 9.835800000000000098e-02
-1.595459999999999934e-01 1.000670000000000032e-01
-1.587220000000000020e-01 9.976200000000000345e-02
-1.564639999999999920e-01 9.872400000000000619e-02
-1.514590000000000103e-01 9.646599999999999620e-02
-1.457209999999999894e-01 9.414699999999999458e-02
-1.370850000000000124e-01 9.234599999999999753e-02
-1.270139999999999880e-01 8.963000000000000134e-02
-1.151120000000000060e-01 8.721900000000000486e-02
-1.013180000000000053e-01 8.483899999999999775e-02
-8.669999999999999929e-02 8.254999999999999838e-02
-7.058699999999999697e-02 8.044400000000000162e-02
-5.435199999999999754e-02 7.897899999999999365e-02
-3.646900000000000142e-02 7.772800000000000542e-02
-1.956199999999999953e-02 7.632400000000000295e-02
-2.410999999999999949e-03 7.522600000000000120e-02
1.467899999999999934e-02 7.397499999999999909e-02
2.999900000000000136e-02 7.302899999999999670e-02
4.522700000000000331e-02 7.174700000000000522e-02
5.740399999999999670e-02 7.095300000000000218e-02
6.857299999999999507e-02 7.006800000000000528e-02
7.861300000000000232e-02 6.881700000000000317e-02
8.618199999999999472e-02 6.796299999999999564e-02
9.268200000000000049e-02 6.649800000000000155e-02
9.616099999999999648e-02 6.463599999999999901e-02
9.835800000000000098e-02 6.280499999999999972e-02
1.000670000000000032e-01 6.039400000000000324e-02
9.976200000000000345e-02 5.767800000000000010e-02
9.872400000000000619e-02 5.511499999999999733e-02
9.646599999999999620e-02 5.108599999999999947e-02
9.414699999999999458e-02 4.717999999999999972e-02
9.234599999999999753e-02 4.318199999999999816e-02
8.963000000000000134e-02 3.771999999999999659e-02
8.721900000000000486e-02 3.091400000000000051e-02
8.483899999999999775e-02 2.340700000000000072e-02
8.254999999999999838e-02 1.629600000000000146e-02
8.044400000000000162e-02 8.942000000000000295e-03
7.897899999999999365e-02 1.281999999999999936e-03
7.772800000000000542e-02 -8.208999999999999284e-03
7.632400000000000295e-02 -1.840200000000000169e-02
7.522600000000000120e-02 -2.804600000000000148e-02
7.397499999999999909e-02 -3.854400000000000187e-02
7.302899999999999670e-02 -4.965200000000000169e-02
7.174700000000000522e-02 -6.118799999999999933e-02
7.095300000000000218e-02 -7.247900000000000176e-02
7.006800000000000528e-02 -8.343499999999999528e-02
6.881700000000000317e-02 -9.515400000000000247e-02
6.796299999999999564e-02 -1.061710000000000015e-01
6.649800000000000155e-02 -1.159970000000000029e-01
6.463599999999999901e-02 -1.264339999999999908e-01
6.280499999999999972e-02 -1.352230000000000099e-01
6.039400000000000324e-02 -1.427609999999999990e-01
5.767800000000000010e-02 -1.495060000000000000e-01
5.511499999999999733e-02 -1.549379999999999924e-01
5.108599999999999947e-02 -1.585689999999999877e-01
4.717999999999999972e-02 -1.604309999999999903e-01
4.318199999999999816e-02 -1.609800000000000120e-01
3.771999999999999659e-02 -1.583559999999999968e-01
3.091400000000000051e-02 -1.546939999999999982e-01
2.340700000000000072e-02 -1.494749999999999968e-01
1.629600000000000146e-02 -1.409610000000000030e-01
8.942000000000000295e-03 -1.315310000000000090e-01
1.281999999999999936e-03 -1.213990000000000069e-01
-8.208999999999999284e-03 -1.081540000000000001e-01
-1.840200000000000169e-02 -9.338399999999999479e-02
-2.804600000000000148e-02 -7.788100000000000578e-02
-3.854400000000000187e-02 -6.100499999999999673e-02
-4.965200000000000169e-02 -4.412800000000000056e-02
-6.118799999999999933e-02 -2.636700000000000155e-02
-7.247900000000000176e-02 -8.666999999999999357e-03
-8.343499999999999528e-02 8.453000000000000444e-03
-9.515400000000000247e-02 2.514600000000000168e-02
-1.061710000000000015e-01 4.025299999999999712e-02
-1.159970000000000029e-01 5.352799999999999919e-02
-1.264339999999999908e-01 6.600999999999999923e-02
-1.352230000000000099e-01 7.644700000000000106e-02
-1.427609999999999990e-01 8.435099999999999543e-02
-1.495060000000000000e-01 9.091200000000000669e-02
-1.549379999999999924e-01 9.533700000000000507e-02
-1.585689999999999877e-01 9.887700000000000655e-02
-1.604309999999999903e-01 1.003420000000000006e-01
-1.609800000000000120e-01 9.991500000000000381e-02
-1.583559999999999968e-01 9.918200000000000627e-02
-1.546939999999999982e-01 9.808300000000000352e-02
-1.494749999999999968e-01 9.567299999999999416e-02
-1.409610000000000030e-01 9.286500000000000310e-02
-1.315310000000000090e-01 9.014900000000000690e-02
-1.213990000000000069e-01 8.752400000000000457e-02
-1.081540000000000001e-01 8.569300000000000528e-02
-9.338399999999999479e-02 8.282499999999999585e-02
-7.788100000000000578e-02 8.108500000000000429e-02
-6.100499999999999673e-02 7.864400000000000557e-02
-4.412800000000000056e-02 7.696500000000000563e-02
-2.636700000000000155e-02 7.656899999999999817e-02
-8.666999999999999357e-03 7.470699999999999563e-02
8.453000000000000444e-03 7.385300000000000198e-02
2.514600000000000168e-02 7.275399999999999923e-02
4.025299999999999712e-02 7.202100000000000168e-02
5.352799999999999919e-02 7.098400000000000543e-02
6.600999999999999923e-02 6.988500000000000267e-02
7.644700000000000106e-02 6.903099999999999514e-02
8.435099999999999543e-02 6.765699999999999492e-02
9.091200000000000669e-02 6.683300000000000352e-02
9.533700000000000507e-02 6.555199999999999916e-02
9.887700000000000655e-02 6.372099999999999986e-02
1.003420000000000006e-01 6.149299999999999905e-02
9.991500000000000381e-02 5.954000000000000264e-02
9.918200000000000627e-02 5.679300000000000320e-02
9.808300000000000352e-02 5.346700000000000064e-02
9.567299999999999416e-02 5.001799999999999996e-02
9.286500000000000310e-02 4.534900000000000042e-02
9.014900000000000690e-02 3.982499999999999929e-02
8.752400000000000457e-02 3.497299999999999714e-02
8.569300000000000528e-02 2.853400000000000034e-02
8.282499999999999585e-02 2.111800000000000135e-02
8.108500000000000429e-02 1.406899999999999991e-02
7.864400000000000557e-02 5.524000000000000264e-03
7.696500000000000563e-02 -2.380000000000000171e-03
7.656899999999999817e-02 -1.092500000000000068e-02
7.470699999999999563e-02 -2.136199999999999904e-02
7.385300000000000198e-02 -3.179900000000000088e-02
7.275399999999999923e-02 -4.229700000000000126e-02
7.202100000000000168e-02 -5.334499999999999659e-02
7.098400000000000543e-02 -6.497200000000000197e-02
6.988500000000000267e-02 -7.699599999999999500e-02
6.903099999999999514e-02 -8.813500000000000500e-02
6.765699999999999492e-02 -9.927400000000000113e-02
6.683300000000000352e-02 -1.105040000000000050e-01
6.555199999999999916e-02 -1.201480000000000048e-01
6.372099999999999986e-02 -1.304019999999999901e-01
6.149299999999999905e-02 -1.397089999999999999e-01
5.954000000000000264e-02 -1.463319999999999899e-01
5.679300000000000320e-02 -1.524050000000000127e-01
5.346700000000000064e-02 -1.572570000000000079e-01
5.001799999999999996e-02 -1.593019999999999992e-01
4.534900000000000042e-02 -1.603999999999999870e-01
3.982499999999999929e-02 -1.595759999999999956e-01
3.497299999999999714e-02 -1.562810000000000032e-01
2.853400000000000034e-02 -1.521000000000000130e-01
2.111800000000000135e-02 -1.445619999999999961e-01
1.406899999999999991e-02 -1.358340000000000103e-01
5.524000000000000264e-03 -1.255489999999999939e-01
-2.380000000000000171e-03 -1.126709999999999934e-01
-1.092500000000000068e-02 -9.924299999999999788e-02
-2.136199999999999904e-02 -8.432000000000000606e-02
-3.179900000000000088e-02 -6.759600000000000330e-02
-4.229700000000000126e-02 -5.102500000000000091e-02
-5.334499999999999659e-02 -3.439299999999999996e-02
-6.497200000000000197e-02 -1.651000000000000037e-02
-7.699599999999999500e-02 2.750000000000000166e-04
-8.813500000000000500e-02 1.699799999999999922e-02
-9.927400000000000113e-02 3.280600000000000183e-02
-1.105040000000000050e-01 4.739399999999999863e-02
-1.201480000000000048e-01 6.002799999999999803e-02
-1.304019999999999901e-01 6.997699999999999754e-02
-1.397089999999999999e-01 7.961999999999999633e-02
-1.463319999999999899e-01 8.630400000000000571e-02
-1.524050000000000127e-01 9.072900000000000409e-02
-1.572570000000000079e-01 9.454300000000000204e-02
-1.593019999999999992e-01 9.692399999999999627e-02
-1.603999999999999870e-01 9.768699999999999606e-02
-1.595759999999999956e-01 9.799199999999999577e-02
-1.562810000000000032e-01 9.707599999999999563e-02
-1.521000000000000130e-01 9.487900000000000500e-02
-1.445619999999999961e-01 9.329199999999999993e-02
-1.358340000000000103e-01 9.121700000000000641e-02
-1.255489999999999939e-01 8.926399999999999613e-02
-1.126709999999999934e-01 8.712799999999999712e-02
-9.924299999999999788e-02 8.477800000000000613e-02
-8.432000000000000606e-02 8.261100000000000387e-02
-6.759600000000000330e-02 8.105500000000000205e-02
-5.102500000000000091e-02 7.998700000000000254e-02
-3.439299999999999996e-02 7.900999999999999690e-02
-1.651000000000000037e-02 7.806399999999999451e-02
