3.956826666666666409e-02
7.913653333333332818e-02
1.187047999999999992e-01
1.582730666666666564e-01
1.978413333333333135e-01
2.374095999999999984e-01
2.769778666666666278e-01
3.165461333333333127e-01
3.561143999999999976e-01
3.956826666666666270e-01
4.352509333333333119e-01
4.748191999999999968e-01
5.143874666666666817e-01
5.539557333333332556e-01
5.935239999999999405e-01
6.330922666666666254e-01
6.726605333333333103e-01
7.122287999999999952e-01
7.517970666666665691e-01
7.913653333333332540e-01
8.309335999999999389e-01
8.705018666666666238e-01
9.100701333333333087e-01
9.496383999999999936e-01
9.892066666666665675e-01
1.028774933333333363e+00
1.068343199999999937e+00
1.107911466666666511e+00
1.147479733333333307e+00
1.187047999999999881e+00
