1 2
1 2
1 2
1 2
1 2
1 2
1 2
2 3
1 3
2 3
2 3
2 3
2 3
2 3
2 3
1 3
1 3
1 3
2 3
1 3
1 3
1 3
2 3
1 3
2 3
1 3
2 3
2 4
2 4
2 4
3 4
1 4
2 4
2 4
1 4
1 4
1 4
1 4
3 4
3 5
2 5
2 5
2 5
2 5
1 5
1 5
2 5
2 5
1 5
3 5
3 5
4 5
2 5
2 5
2 5
4 5
2 6
2 6
4 6
3 6
2 6
3 6
4 6
2 6
1 6
3 6
1 6
5 6
5 6
4 6
2 6
2 6
2 7
6 7
3 7
2 7
6 7
2 7
3 7
2 7
2 7
1 7
3 7
5 7
3 7
1 7
4 7
2 7
4 7
4 8
2 8
5 8
2 8
6 8
4 8
4 8
6 8
1 8
5 8
7 8
1 8
7 8
3 8
5 8
5 9
5 9
4 9
4 9
1 9
2 9
6 9
6 9
7 10
7 10
1 10
4 10
7 10
4 10
1 10
4 11
9 11
1 11
3 11
5 11
9 11
8 11
4 11
8 11
5 11
2 12
3 12
3 12
2 12
10 12
3 12
5 12
10 12
9 13
12 13
3 13
6 13
5 13
2 13
5 14
3 14
6 14
11 14
4 14
10 15
3 15
14 16
9 16
3 16
12 16
14 17
7 17
4 18
9 18
9 18
13 18
17 19
11 20
12 20
9 21
17 23
16 23
15 24
15 24
1 25
7 25
25 27
4 -1
