
 1 33 0 0 
 2 10 0 0 
 3 4 4 1 
 4 1 11 1 
 5 1 9 2 
 6 1 9 2 
 7 1 8 4 
 8 1 7 5 
 9 1 7 6 
 10 1 7 14 
 11 1 5 15 
 12 1 4 18 
 13 1 3 24 
 15 1 3 26 
 16 1 4 26 
 17 1 4 28 
 18 1 3 32 
 19 1 3 43 
 20 1 3 57 
 21 1 3 68 
 22 1 3 80 
 23 1 3 82 
 24 1 3 89 
 25 1 3 94 
 26 1 3 96 
 27 1 3 101 
 28 1 3 109 
 29 1 3 122 
 30 1 3 139 
 31 1 3 145 
 32 1 3 151 
 33 1 3 159 
 34 1 3 171 
 35 1 3 207 
 36 1 3 233 
 37 1 3 242 
 38 1 3 251 
 39 1 3 260 
 40 1 3 276 
 41 1 3 289 
 42 1 3 293 
 43 1 3 313 
 44 1 3 330 
 45 1 3 347 
 46 1 3 375 
 47 1 3 404 
 48 1 3 437 
 49 1 3 453 