1
1 52 53 1
1 13 15 1
1 18 22 1
1 25 31 1
1 81 86 1
1 76 68 1
1 0 10 1
1 89 85 1
1 17 19 1
1 49 63 1
1 94 79 1
1 43 63 1
1 25 12 1
1 70 95 1
1 45 55 1
1 41 50 1
1 26 6 1
1 1 30 1
1 56 28 1
1 57 30 1
1 38 14 1
1 58 19 1
1 60 22 1
1 40 4 1
1 57 23 1
1 34 18 1
1 29 21 1
1 96 84 1
1 8 51 1
1 59 7 1
1 41 23 1
1 99 92 1
1 4 71 1
1 24 92 1
1 83 21 1
1 6 78 1
1 73 69 1
1 82 30 1
1 16 94 1
1 27 84 1
1 75 27 1
1 1 82 1
1 98 52 1
1 5 93 1
1 11 87 1
1 65 35 1
1 32 67 1
1 67 39 1
1 91 62 1
1 72 46 1
1 32 71 1
1 42 66 1
1 9 98 1
1 90 54 1
1 64 45 1
1 97 14 1
1 58 79 1
1 89 47 1
1 50 69 1
1 78 54 1
1 34 91 1
1 37 95 1
1 64 61 1
1 80 73 1
1 99 47 1
1 33 11 1
1 2 46 1
1 66 15 1
1 17 74 1
1 88 56 1
1 83 87 1
1 10 86 1
1 24 97 1
1 68 39 1
1 72 81 1
1 51 76 1
1 48 20 1
1 33 37 1
1 49 29 1
1 75 62 1
1 74 61 1
1 44 85 1
1 48 77 1
1 20 13 1
1 90 36 1
1 8 88 1
2 65 35 77 1
2 66 13 15 1
2 1 82 30 1
2 80 73 3 1
2 65 35 7 1
2 96 27 84 1
2 0 96 84 1
2 26 43 6 1
2 1 42 82 1
1 36 55 2
1 59 44 2
1 40 3 2
1 28 70 2
1 0 96 2
1 5 53 2
1 80 3 2
1 2 93 2
1 16 12 2
1 60 38 2
2 49 43 63 2
2 26 6 78 2
2 64 45 55 2
2 76 51 68 2
2 42 66 15 2
2 80 73 69 2
2 36 45 55 2
2 26 43 6 2
2 26 43 63 2
2 26 6 63 2
2 43 6 63 2
1 9 31 3
1 42 82 3
2 99 92 47 3
2 49 29 21 3
2 49 29 63 3
2 24 99 92 3
2 98 52 53 3
2 68 76 39 3
2 40 80 3 3
2 40 80 73 3
2 40 3 73 3
2 80 3 73 3
2 49 43 29 3
2 49 43 63 3
2 49 29 63 3
2 43 29 63 3
2 26 43 63 4
2 40 80 3 4
2 0 10 86 4
2 9 98 52 4
2 80 73 3 4
2 80 73 69 4
2 80 3 69 4
2 73 3 69 4
1 35 77 5
2 83 11 87 5
2 34 91 62 5
2 9 98 31 5
2 0 96 10 5
2 33 11 87 5
2 24 97 92 5
2 24 97 14 5
2 24 97 99 5
2 24 97 92 5
2 24 99 92 5
2 97 99 92 5
2 0 96 10 5
2 0 96 84 5
2 0 10 84 5
2 96 10 84 5
2 34 91 18 6
2 9 98 52 6
2 9 98 53 6
2 9 52 53 6
2 98 52 53 6
2 33 37 95 7
2 52 53 5 7
2 48 20 13 7
2 75 91 62 7
2 37 70 95 7
2 60 38 14 7
2 60 22 38 7
2 20 13 15 8
2 8 88 51 8
2 8 51 76 8
2 8 76 51 8
2 8 76 68 8
2 8 51 68 8
2 76 51 68 8
2 9 98 52 8
2 9 98 31 8
2 9 52 31 8
2 98 52 31 8
2 66 20 13 8
2 66 20 15 8
2 66 13 15 8
2 20 13 15 8
2 89 44 85 9
2 59 44 85 9
2 32 67 39 9
2 58 94 79 10
2 83 21 87 10
2 32 67 71 10
2 75 27 62 10
2 58 19 79 10
2 75 91 27 10
2 75 91 62 10
2 75 27 62 10
2 91 27 62 10
2 96 27 75 10
2 96 27 84 10
2 96 75 84 10
2 27 75 84 10
2 2 93 46 11
2 72 81 86 11
2 72 2 46 11
2 40 4 71 11
2 98 52 53 11
2 98 52 5 11
2 98 53 5 11
2 52 53 5 11
2 91 34 75 11
2 91 34 62 11
2 91 75 62 11
2 34 75 62 11
2 16 25 12 12
2 25 31 9 12
2 81 10 86 12
2 16 12 94 12
2 32 4 71 12
2 32 67 4 12
2 32 67 71 12
2 32 4 71 12
2 67 4 71 12
2 83 11 21 12
2 83 11 87 12
2 83 21 87 12
2 11 21 87 12
2 0 81 10 12
2 0 81 86 12
2 0 10 86 12
2 81 10 86 12
2 9 98 52 12
2 9 98 53 12
2 9 98 31 12
2 9 52 53 12
2 9 52 31 12
2 9 53 31 12
2 98 52 53 12
2 98 52 31 12
2 98 53 31 12
2 52 53 31 12
2 64 74 61 13
2 88 56 8 13
2 83 21 29 13
2 27 75 84 13
2 49 83 21 13
2 49 83 29 13
2 49 21 29 13
2 83 21 29 13
2 25 12 31 14
2 16 94 79 14
2 78 54 6 14
2 17 58 19 14
2 34 91 18 14
2 34 91 62 14
2 34 18 62 14
2 91 18 62 14
2 1 82 42 14
2 1 82 30 14
2 1 42 30 14
2 82 42 30 14
2 26 78 54 14
2 26 78 6 14
2 26 54 6 14
2 78 54 6 14
2 1 42 66 14
2 1 42 82 14
2 1 66 82 14
2 42 66 82 14
2 64 55 61 14
2 64 55 45 14
2 64 61 45 14
2 55 61 45 14
2 75 91 27 14
2 75 91 34 14
2 75 91 62 14
2 75 27 34 14
2 75 27 62 14
2 75 34 62 14
2 91 27 34 14
2 91 27 62 14
2 91 34 62 14
2 27 34 62 14
2 1 42 66 14
2 1 42 82 14
2 1 42 15 14
2 1 66 82 14
2 1 66 15 14
2 1 82 15 14
2 42 66 82 14
2 42 66 15 14
2 42 82 15 14
2 66 82 15 14
2 26 43 6 14
2 26 43 78 14
2 26 43 63 14
2 26 6 78 14
2 26 6 63 14
2 26 78 63 14
2 43 6 78 14
2 43 6 63 14
2 43 78 63 14
2 6 78 63 14
2 56 88 28 15
2 64 61 45 15
2 56 28 70 15
2 67 68 39 15
2 25 31 12 15
2 25 31 9 15
2 25 12 9 15
2 31 12 9 15
2 68 67 76 15
2 68 67 39 15
2 68 76 39 15
2 67 76 39 15
2 88 56 28 15
2 88 56 8 15
2 88 28 8 15
2 56 28 8 15
2 11 33 83 15
2 11 33 87 15
2 11 83 87 15
2 33 83 87 15
2 16 58 94 15
2 16 58 79 15
2 16 94 79 15
2 58 94 79 15
2 41 50 23 16
2 26 43 6 16
2 26 43 78 16
2 26 6 78 16
2 43 6 78 16
2 16 25 12 16
2 16 25 94 16
2 16 12 94 16
2 25 12 94 16
2 9 98 52 16
2 9 98 53 16
2 9 98 5 16
2 9 52 53 16
2 9 52 5 16
2 9 53 5 16
2 98 52 53 16
2 98 52 5 16
2 98 53 5 16
2 52 53 5 16
2 89 99 47 17
2 18 34 22 17
2 90 54 78 18
2 72 81 46 18
2 17 74 19 18
2 17 74 61 18
2 2 93 5 18
2 41 50 69 18
2 48 20 77 18
2 53 5 93 18
2 53 52 5 18
2 53 52 93 18
2 53 5 93 18
2 52 5 93 18
2 17 58 19 18
2 17 58 79 18
2 17 19 79 18
2 58 19 79 18
2 25 98 31 18
2 25 98 9 18
2 25 31 9 18
2 98 31 9 18
2 2 93 46 18
2 2 93 5 18
2 2 46 5 18
2 93 46 5 18
2 66 42 82 18
2 66 42 15 18
2 66 82 15 18
2 42 82 15 18
2 25 98 31 18
2 25 98 12 18
2 25 98 9 18
2 25 31 12 18
2 25 31 9 18
2 25 12 9 18
2 98 31 12 18
2 98 31 9 18
2 98 12 9 18
2 31 12 9 18
2 98 53 52 18
2 98 53 5 18
2 98 53 93 18
2 98 52 5 18
2 98 52 93 18
2 98 5 93 18
2 53 52 5 18
2 53 52 93 18
2 53 5 93 18
2 52 5 93 18
2 98 5 9 18
2 98 5 52 18
2 98 5 53 18
2 98 5 93 18
2 98 9 52 18
2 98 9 53 18
2 98 9 93 18
2 98 52 53 18
2 98 52 93 18
2 98 53 93 18
2 5 9 52 18
2 5 9 53 18
2 5 9 93 18
2 5 52 53 18
2 5 52 93 18
2 5 53 93 18
2 9 52 53 18
2 9 52 93 18
2 9 53 93 18
2 52 53 93 18
2 57 82 30 19
2 57 30 23 19
2 72 81 2 19
2 72 81 46 19
2 72 2 46 19
2 81 2 46 19
2 49 26 43 19
2 49 26 63 19
2 49 43 63 19
2 26 43 63 19
2 1 82 30 19
2 1 82 57 19
2 1 30 57 19
2 82 30 57 19
2 49 26 43 19
2 49 26 29 19
2 49 26 63 19
2 49 43 29 19
2 49 43 63 19
2 49 29 63 19
2 26 43 29 19
2 26 43 63 19
2 26 29 63 19
2 43 29 63 19
2 6 26 43 19
2 6 26 78 19
2 6 26 54 19
2 6 43 78 19
2 6 43 54 19
2 6 78 54 19
2 26 43 78 19
2 26 43 54 19
2 26 78 54 19
2 43 78 54 19
2 1 82 42 19
2 1 82 30 19
2 1 82 57 19
2 1 42 30 19
2 1 42 57 19
2 1 30 57 19
2 82 42 30 19
2 82 42 57 19
2 82 30 57 19
2 42 30 57 19
2 57 23 41 20
2 89 99 92 20
2 89 99 47 20
2 89 92 47 20
2 99 92 47 20
2 24 99 92 20
2 24 99 47 20
2 24 92 47 20
2 99 92 47 20
2 57 23 30 20
2 57 23 41 20
2 57 30 41 20
2 23 30 41 20
2 17 74 19 20
2 17 74 61 20
2 17 19 61 20
2 74 19 61 20
2 91 34 75 20
2 91 34 18 20
2 91 34 62 20
2 91 75 18 20
2 91 75 62 20
2 91 18 62 20
2 34 75 18 20
2 34 75 62 20
2 34 18 62 20
2 75 18 62 20
2 24 97 99 20
2 24 97 92 20
2 24 97 47 20
2 24 99 92 20
2 24 99 47 20
2 24 92 47 20
2 97 99 92 20
2 97 99 47 20
2 97 92 47 20
2 99 92 47 20
2 49 26 43 20
2 49 26 6 20
2 49 26 63 20
2 49 43 6 20
2 49 43 63 20
2 49 6 63 20
2 26 43 6 20
2 26 43 63 20
2 26 6 63 20
2 43 6 63 20
2 8 88 51 20
2 8 88 76 20
2 8 88 68 20
2 8 51 76 20
2 8 51 68 20
2 8 76 68 20
2 88 51 76 20
2 88 51 68 20
2 88 76 68 20
2 51 76 68 20
2 6 43 78 20
2 6 43 54 20
2 6 43 26 20
2 6 43 63 20
2 6 78 54 20
2 6 78 26 20
2 6 78 63 20
2 6 54 26 20
2 6 54 63 20
2 6 26 63 20
2 43 78 54 20
2 43 78 26 20
2 43 78 63 20
2 43 54 26 20
2 43 54 63 20
2 43 26 63 20
2 78 54 26 20
2 78 54 63 20
2 78 26 63 20
2 54 26 63 20
2 6 43 49 20
2 6 43 26 20
2 6 43 29 20
2 6 43 63 20
2 6 49 26 20
2 6 49 29 20
2 6 49 63 20
2 6 26 29 20
2 6 26 63 20
2 6 29 63 20
2 43 49 26 20
2 43 49 29 20
2 43 49 63 20
2 43 26 29 20
2 43 26 63 20
2 43 29 63 20
2 49 26 29 20
2 49 26 63 20
2 49 29 63 20
2 26 29 63 20
2 58 19 94 21
2 58 19 79 21
2 58 94 79 21
2 19 94 79 21
2 72 81 86 21
2 72 81 46 21
2 72 86 46 21
2 81 86 46 21
2 88 56 51 21
2 88 56 8 21
2 88 51 8 21
2 56 51 8 21
2 64 17 74 21
2 64 17 61 21
2 64 74 61 21
2 17 74 61 21
2 88 56 51 21
2 88 56 28 21
2 88 56 8 21
2 88 51 28 21
2 88 51 8 21
2 88 28 8 21
2 56 51 28 21
2 56 51 8 21
2 56 28 8 21
2 51 28 8 21
2 25 98 31 21
2 25 98 52 21
2 25 98 9 21
2 25 31 52 21
2 25 31 9 21
2 25 52 9 21
2 98 31 52 21
2 98 31 9 21
2 98 52 9 21
2 31 52 9 21
2 98 9 12 21
2 98 9 52 21
2 98 9 25 21
2 98 9 31 21
2 98 12 52 21
2 98 12 25 21
2 98 12 31 21
2 98 52 25 21
2 98 52 31 21
2 98 25 31 21
2 9 12 52 21
2 9 12 25 21
2 9 12 31 21
2 9 52 25 21
2 9 52 31 21
2 9 25 31 21
2 12 52 25 21
2 12 52 31 21
2 12 25 31 21
2 52 25 31 21
2 33 11 37 22
2 59 44 7 22
2 59 44 85 22
2 59 44 7 22
2 59 85 7 22
2 44 85 7 22
2 17 58 19 22
2 17 58 74 22
2 17 19 74 22
2 58 19 74 22
2 8 88 51 22
2 8 88 76 22
2 8 51 76 22
2 88 51 76 22
2 33 11 37 22
2 33 11 87 22
2 33 37 87 22
2 11 37 87 22
2 65 35 59 22
2 65 35 7 22
2 65 59 7 22
2 35 59 7 22
2 16 12 94 22
2 16 12 79 22
2 16 94 79 22
2 12 94 79 22
2 96 27 75 22
2 96 27 84 22
2 96 27 62 22
2 96 75 84 22
2 96 75 62 22
2 96 84 62 22
2 27 75 84 22
2 27 75 62 22
2 27 84 62 22
2 75 84 62 22
2 27 75 84 23
2 27 75 62 23
2 27 84 62 23
2 75 84 62 23
2 18 91 34 23
2 18 91 22 23
2 18 34 22 23
2 91 34 22 23
2 33 11 37 23
2 33 11 95 23
2 33 37 95 23
2 11 37 95 23
2 11 33 83 23
2 11 33 37 23
2 11 33 87 23
2 11 83 37 23
2 11 83 87 23
2 11 37 87 23
2 33 83 37 23
2 33 83 87 23
2 33 37 87 23
2 83 37 87 23
2 11 33 83 23
2 11 33 21 23
2 11 33 87 23
2 11 83 21 23
2 11 83 87 23
2 11 21 87 23
2 33 83 21 23
2 33 83 87 23
2 33 21 87 23
2 83 21 87 23
2 98 5 9 23
2 98 5 52 23
2 98 5 53 23
2 98 5 31 23
2 98 9 52 23
2 98 9 53 23
2 98 9 31 23
2 98 52 53 23
2 98 52 31 23
2 98 53 31 23
2 5 9 52 23
2 5 9 53 23
2 5 9 31 23
2 5 52 53 23
2 5 52 31 23
2 5 53 31 23
2 9 52 53 23
2 9 52 31 23
2 9 53 31 23
2 52 53 31 23
2 97 14 38 24
2 57 30 1 24
2 32 67 68 24
2 32 67 39 24
2 32 68 39 24
2 67 68 39 24
2 48 20 13 24
2 48 20 15 24
2 48 13 15 24
2 20 13 15 24
2 24 97 14 24
2 24 97 38 24
2 24 14 38 24
2 97 14 38 24
2 83 29 21 24
2 83 29 87 24
2 83 21 87 24
2 29 21 87 24
2 32 71 67 24
2 32 71 39 24
2 32 67 39 24
2 71 67 39 24
2 32 68 67 24
2 32 68 76 24
2 32 68 39 24
2 32 67 76 24
2 32 67 39 24
2 32 76 39 24
2 68 67 76 24
2 68 67 39 24
2 68 76 39 24
2 67 76 39 24
2 48 66 20 24
2 48 66 13 24
2 48 66 15 24
2 48 20 13 24
2 48 20 15 24
2 48 13 15 24
2 66 20 13 24
2 66 20 15 24
2 66 13 15 24
2 20 13 15 24
2 32 71 67 24
2 32 71 4 24
2 32 71 39 24
2 32 67 4 24
2 32 67 39 24
2 32 4 39 24
2 71 67 4 24
2 71 67 39 24
2 71 4 39 24
2 67 4 39 24
2 49 83 29 24
2 49 83 21 24
2 49 83 87 24
2 49 29 21 24
2 49 29 87 24
2 49 21 87 24
2 83 29 21 24
2 83 29 87 24
2 83 21 87 24
2 29 21 87 24
2 34 91 75 24
2 34 91 18 24
2 34 91 27 24
2 34 91 62 24
2 34 75 18 24
2 34 75 27 24
2 34 75 62 24
2 34 18 27 24
2 34 18 62 24
2 34 27 62 24
2 91 75 18 24
2 91 75 27 24
2 91 75 62 24
2 91 18 27 24
2 91 18 62 24
2 91 27 62 24
2 75 18 27 24
2 75 18 62 24
2 75 27 62 24
2 18 27 62 24
2 48 20 77 25
2 48 20 13 25
2 48 77 13 25
2 20 77 13 25
2 66 42 13 25
2 66 42 15 25
2 66 13 15 25
2 42 13 15 25
2 16 58 19 25
2 16 58 94 25
2 16 58 79 25
2 16 19 94 25
2 16 19 79 25
2 16 94 79 25
2 58 19 94 25
2 58 19 79 25
2 58 94 79 25
2 19 94 79 25
2 17 58 19 25
2 17 58 74 25
2 17 58 79 25
2 17 19 74 25
2 17 19 79 25
2 17 74 79 25
2 58 19 74 25
2 58 19 79 25
2 58 74 79 25
2 19 74 79 25
2 1 66 42 25
2 1 66 13 25
2 1 66 15 25
2 1 66 82 25
2 1 42 13 25
2 1 42 15 25
2 1 42 82 25
2 1 13 15 25
2 1 13 82 25
2 1 15 82 25
2 66 42 13 25
2 66 42 15 25
2 66 42 82 25
2 66 13 15 25
2 66 13 82 25
2 66 15 82 25
2 42 13 15 25
2 42 13 82 25
2 42 15 82 25
2 13 15 82 25
2 18 60 22 26
2 24 97 92 26
2 24 97 14 26
2 24 92 14 26
2 97 92 14 26
2 16 25 12 26
2 16 25 94 26
2 16 25 79 26
2 16 12 94 26
2 16 12 79 26
2 16 94 79 26
2 25 12 94 26
2 25 12 79 26
2 25 94 79 26
2 12 94 79 26
2 24 97 92 26
2 24 97 14 26
2 24 97 38 26
2 24 92 14 26
2 24 92 38 26
2 24 14 38 26
2 97 92 14 26
2 97 92 38 26
2 97 14 38 26
2 92 14 38 26
2 6 43 78 26
2 6 43 49 26
2 6 43 26 26
2 6 43 63 26
2 6 78 49 26
2 6 78 26 26
2 6 78 63 26
2 6 49 26 26
2 6 49 63 26
2 6 26 63 26
2 43 78 49 26
2 43 78 26 26
2 43 78 63 26
2 43 49 26 26
2 43 49 63 26
2 43 26 63 26
2 78 49 26 26
2 78 49 63 26
2 78 26 63 26
2 49 26 63 26
2 33 37 70 27
2 33 37 95 27
2 33 70 95 27
2 37 70 95 27
2 68 51 76 27
2 68 51 39 27
2 68 76 39 27
2 51 76 39 27
2 49 21 29 27
2 49 21 63 27
2 49 29 63 27
2 21 29 63 27
2 38 60 14 27
2 38 60 22 27
2 38 14 22 27
2 60 14 22 27
2 16 25 12 27
2 16 25 31 27
2 16 12 31 27
2 25 12 31 27
2 18 60 34 27
2 18 60 22 27
2 18 34 22 27
2 60 34 22 27
2 16 58 12 27
2 16 58 94 27
2 16 58 79 27
2 16 12 94 27
2 16 12 79 27
2 16 94 79 27
2 58 12 94 27
2 58 12 79 27
2 58 94 79 27
2 12 94 79 27
2 18 91 60 27
2 18 91 34 27
2 18 91 22 27
2 18 60 34 27
2 18 60 22 27
2 18 34 22 27
2 91 60 34 27
2 91 60 22 27
2 91 34 22 27
2 60 34 22 27
2 68 67 76 27
2 68 67 51 27
2 68 67 39 27
2 68 76 51 27
2 68 76 39 27
2 68 51 39 27
2 67 76 51 27
2 67 76 39 27
2 67 51 39 27
2 76 51 39 27
2 33 95 11 27
2 33 95 37 27
2 33 95 87 27
2 33 11 37 27
2 33 11 87 27
2 33 37 87 27
2 95 11 37 27
2 95 11 87 27
2 95 37 87 27
2 11 37 87 27
2 49 83 21 27
2 49 83 29 27
2 49 83 63 27
2 49 21 29 27
2 49 21 63 27
2 49 29 63 27
2 83 21 29 27
2 83 21 63 27
2 83 29 63 27
2 21 29 63 27
2 16 25 31 27
2 16 25 12 27
2 16 25 9 27
2 16 31 12 27
2 16 31 9 27
2 16 12 9 27
2 25 31 12 27
2 25 31 9 27
2 25 12 9 27
2 31 12 9 27
2 98 9 12 27
2 98 9 16 27
2 98 9 25 27
2 98 9 31 27
2 98 12 16 27
2 98 12 25 27
2 98 12 31 27
2 98 16 25 27
2 98 16 31 27
2 98 25 31 27
2 9 12 16 27
2 9 12 25 27
2 9 12 31 27
2 9 16 25 27
2 9 16 31 27
2 9 25 31 27
2 12 16 25 27
2 12 16 31 27
2 12 25 31 27
2 16 25 31 27
2 32 67 68 27
2 32 67 39 27
2 32 67 76 27
2 32 67 51 27
2 32 68 39 27
2 32 68 76 27
2 32 68 51 27
2 32 39 76 27
2 32 39 51 27
2 32 76 51 27
2 67 68 39 27
2 67 68 76 27
2 67 68 51 27
2 67 39 76 27
2 67 39 51 27
2 67 76 51 27
2 68 39 76 27
2 68 39 51 27
2 68 76 51 27
2 39 76 51 27
2 98 9 12 27
2 98 9 16 27
2 98 9 52 27
2 98 9 25 27
2 98 9 31 27
2 98 12 16 27
2 98 12 52 27
2 98 12 25 27
2 98 12 31 27
2 98 16 52 27
2 98 16 25 27
2 98 16 31 27
2 98 52 25 27
2 98 52 31 27
2 98 25 31 27
2 9 12 16 27
2 9 12 52 27
2 9 12 25 27
2 9 12 31 27
2 9 16 52 27
2 9 16 25 27
2 9 16 31 27
2 9 52 25 27
2 9 52 31 27
2 9 25 31 27
2 12 16 52 27
2 12 16 25 27
2 12 16 31 27
2 12 52 25 27
2 12 52 31 27
2 12 25 31 27
2 16 52 25 27
2 16 52 31 27
2 16 25 31 27
2 52 25 31 27
2 28 70 95 28
2 18 60 22 28
2 18 60 38 28
2 18 22 38 28
2 60 22 38 28
2 48 65 35 28
2 48 65 77 28
2 48 35 77 28
2 65 35 77 28
2 56 28 70 28
2 56 28 95 28
2 56 70 95 28
2 28 70 95 28
2 27 75 91 28
2 27 75 84 28
2 27 75 62 28
2 27 91 84 28
2 27 91 62 28
2 27 84 62 28
2 75 91 84 28
2 75 91 62 28
2 75 84 62 28
2 91 84 62 28
2 87 83 11 28
2 87 83 29 28
2 87 83 21 28
2 87 11 29 28
2 87 11 21 28
2 87 29 21 28
2 83 11 29 28
2 83 11 21 28
2 83 29 21 28
2 11 29 21 28
2 62 18 91 28
2 62 18 34 28
2 62 18 22 28
2 62 91 34 28
2 62 91 22 28
2 62 34 22 28
2 18 91 34 28
2 18 91 22 28
2 18 34 22 28
2 91 34 22 28
2 11 49 83 28
2 11 49 21 28
2 11 49 87 28
2 11 49 29 28
2 11 83 21 28
2 11 83 87 28
2 11 83 29 28
2 11 21 87 28
2 11 21 29 28
2 11 87 29 28
2 49 83 21 28
2 49 83 87 28
2 49 83 29 28
2 49 21 87 28
2 49 21 29 28
2 49 87 29 28
2 83 21 87 28
2 83 21 29 28
2 83 87 29 28
2 21 87 29 28
2 33 37 11 28
2 33 37 83 28
2 33 37 21 28
2 33 37 87 28
2 33 11 83 28
2 33 11 21 28
2 33 11 87 28
2 33 83 21 28
2 33 83 87 28
2 33 21 87 28
2 37 11 83 28
2 37 11 21 28
2 37 11 87 28
2 37 83 21 28
2 37 83 87 28
2 37 21 87 28
2 11 83 21 28
2 11 83 87 28
2 11 21 87 28
2 83 21 87 28
2 98 9 52 28
2 98 9 53 28
2 98 9 25 28
2 98 9 31 28
2 98 52 53 28
2 98 52 25 28
2 98 52 31 28
2 98 53 25 28
2 98 53 31 28
2 98 25 31 28
2 9 52 53 28
2 9 52 25 28
2 9 52 31 28
2 9 53 25 28
2 9 53 31 28
2 9 25 31 28
2 52 53 25 28
2 52 53 31 28
2 52 25 31 28
2 53 25 31 28
2 12 79 16 28
2 12 79 19 28
2 12 79 58 28
2 12 79 94 28
2 12 16 19 28
2 12 16 58 28
2 12 16 94 28
2 12 19 58 28
2 12 19 94 28
2 12 58 94 28
2 79 16 19 28
2 79 16 58 28
2 79 16 94 28
2 79 19 58 28
2 79 19 94 28
2 79 58 94 28
2 16 19 58 28
2 16 19 94 28
2 16 58 94 28
2 19 58 94 28
2 34 75 18 28
2 34 75 22 28
2 34 75 91 28
2 34 75 62 28
2 34 18 22 28
2 34 18 91 28
2 34 18 62 28
2 34 22 91 28
2 34 22 62 28
2 34 91 62 28
2 75 18 22 28
2 75 18 91 28
2 75 18 62 28
2 75 22 91 28
2 75 22 62 28
2 75 91 62 28
2 18 22 91 28
2 18 22 62 28
2 18 91 62 28
2 22 91 62 28
2 49 83 21 28
2 49 83 87 28
2 49 83 29 28
2 49 83 63 28
2 49 21 87 28
2 49 21 29 28
2 49 21 63 28
2 49 87 29 28
2 49 87 63 28
2 49 29 63 28
2 83 21 87 28
2 83 21 29 28
2 83 21 63 28
2 83 87 29 28
2 83 87 63 28
2 83 29 63 28
2 21 87 29 28
2 21 87 63 28
2 21 29 63 28
2 87 29 63 28
2 11 49 83 28
2 11 49 21 28
2 11 49 87 28
2 11 49 29 28
2 11 49 63 28
2 11 83 21 28
2 11 83 87 28
2 11 83 29 28
2 11 83 63 28
2 11 21 87 28
2 11 21 29 28
2 11 21 63 28
2 11 87 29 28
2 11 87 63 28
2 11 29 63 28
2 49 83 21 28
2 49 83 87 28
2 49 83 29 28
2 49 83 63 28
2 49 21 87 28
2 49 21 29 28
2 49 21 63 28
2 49 87 29 28
2 49 87 63 28
2 49 29 63 28
2 83 21 87 28
2 83 21 29 28
2 83 21 63 28
2 83 87 29 28
2 83 87 63 28
2 83 29 63 28
2 21 87 29 28
2 21 87 63 28
2 21 29 63 28
2 87 29 63 28
2 98 5 9 28
2 98 5 52 28
2 98 5 53 28
2 98 5 93 28
2 98 5 31 28
2 98 9 52 28
2 98 9 53 28
2 98 9 93 28
2 98 9 31 28
2 98 52 53 28
2 98 52 93 28
2 98 52 31 28
2 98 53 93 28
2 98 53 31 28
2 98 93 31 28
2 5 9 52 28
2 5 9 53 28
2 5 9 93 28
2 5 9 31 28
2 5 52 53 28
2 5 52 93 28
2 5 52 31 28
2 5 53 93 28
2 5 53 31 28
2 5 93 31 28
2 9 52 53 28
2 9 52 93 28
2 9 52 31 28
2 9 53 93 28
2 9 53 31 28
2 9 93 31 28
2 52 53 93 28
2 52 53 31 28
2 52 93 31 28
2 53 93 31 28
2 98 9 12 28
2 98 9 52 28
2 98 9 53 28
2 98 9 25 28
2 98 9 31 28
2 98 12 52 28
2 98 12 53 28
2 98 12 25 28
2 98 12 31 28
2 98 52 53 28
2 98 52 25 28
2 98 52 31 28
2 98 53 25 28
2 98 53 31 28
2 98 25 31 28
2 9 12 52 28
2 9 12 53 28
2 9 12 25 28
2 9 12 31 28
2 9 52 53 28
2 9 52 25 28
2 9 52 31 28
2 9 53 25 28
2 9 53 31 28
2 9 25 31 28
2 12 52 53 28
2 12 52 25 28
2 12 52 31 28
2 12 53 25 28
2 12 53 31 28
2 12 25 31 28
2 52 53 25 28
2 52 53 31 28
2 52 25 31 28
2 53 25 31 28
2 6 43 78 28
2 6 43 49 28
2 6 43 26 28
2 6 43 29 28
2 6 43 63 28
2 6 78 49 28
2 6 78 26 28
2 6 78 29 28
2 6 78 63 28
2 6 49 26 28
2 6 49 29 28
2 6 49 63 28
2 6 26 29 28
2 6 26 63 28
2 6 29 63 28
2 43 78 49 28
2 43 78 26 28
2 43 78 29 28
2 43 78 63 28
2 43 49 26 28
2 43 49 29 28
2 43 49 63 28
2 43 26 29 28
2 43 26 63 28
2 43 29 63 28
2 78 49 26 28
2 78 49 29 28
2 78 49 63 28
2 78 26 29 28
2 78 26 63 28
2 78 29 63 28
2 49 26 29 28
2 49 26 63 28
2 49 29 63 28
2 26 29 63 28
2 98 9 12 28
2 98 9 16 28
2 98 9 52 28
2 98 9 53 28
2 98 9 25 28
2 98 9 31 28
2 98 12 16 28
2 98 12 52 28
2 98 12 53 28
2 98 12 25 28
2 98 12 31 28
2 98 16 52 28
2 98 16 53 28
2 98 16 25 28
2 98 16 31 28
2 98 52 53 28
2 98 52 25 28
2 98 52 31 28
2 98 53 25 28
2 98 53 31 28
2 98 25 31 28
2 9 12 16 28
2 9 12 52 28
2 9 12 53 28
2 9 12 25 28
2 9 12 31 28
2 9 16 52 28
2 9 16 53 28
2 9 16 25 28
2 9 16 31 28
2 9 52 53 28
2 9 52 25 28
2 9 52 31 28
2 9 53 25 28
2 9 53 31 28
2 9 25 31 28
2 12 16 52 28
2 12 16 53 28
2 12 16 25 28
2 12 16 31 28
2 12 52 53 28
2 12 52 25 28
2 12 52 31 28
2 12 53 25 28
2 12 53 31 28
2 12 25 31 28
2 16 52 53 28
2 16 52 25 28
2 16 52 31 28
2 16 53 25 28
2 16 53 31 28
2 16 25 31 28
2 52 53 25 28
2 52 53 31 28
2 52 25 31 28
2 53 25 31 28
2 40 3 4 29
2 96 0 27 29
2 96 0 84 29
2 96 27 84 29
2 0 27 84 29
2 49 43 21 29
2 49 43 63 29
2 49 43 29 29
2 49 21 63 29
2 49 21 29 29
2 49 63 29 29
2 43 21 63 29
2 43 21 29 29
2 43 63 29 29
2 21 63 29 29
2 24 97 99 29
2 24 97 92 29
2 24 97 14 29
2 24 99 92 29
2 24 99 14 29
2 24 92 14 29
2 97 99 92 29
2 97 99 14 29
2 97 92 14 29
2 99 92 14 29
2 72 81 2 29
2 72 81 46 29
2 72 81 86 29
2 72 2 46 29
2 72 2 86 29
2 72 46 86 29
2 81 2 46 29
2 81 2 86 29
2 81 46 86 29
2 2 46 86 29
2 33 37 11 29
2 33 37 83 29
2 33 37 87 29
2 33 37 95 29
2 33 11 83 29
2 33 11 87 29
2 33 11 95 29
2 33 83 87 29
2 33 83 95 29
2 33 87 95 29
2 37 11 83 29
2 37 11 87 29
2 37 11 95 29
2 37 83 87 29
2 37 83 95 29
2 37 87 95 29
2 11 83 87 29
2 11 83 95 29
2 11 87 95 29
2 83 87 95 29
2 43 49 83 29
2 43 49 21 29
2 43 49 29 29
2 43 49 63 29
2 43 83 21 29
2 43 83 29 29
2 43 83 63 29
2 43 21 29 29
2 43 21 63 29
2 43 29 63 29
2 49 83 21 29
2 49 83 29 29
2 49 83 63 29
2 49 21 29 29
2 49 21 63 29
2 49 29 63 29
2 83 21 29 29
2 83 21 63 29
2 83 29 63 29
2 21 29 63 29
2 96 27 75 29
2 96 27 84 29
2 96 27 91 29
2 96 27 62 29
2 96 75 84 29
2 96 75 91 29
2 96 75 62 29
2 96 84 91 29
2 96 84 62 29
2 96 91 62 29
2 27 75 84 29
2 27 75 91 29
2 27 75 62 29
2 27 84 91 29
2 27 84 62 29
2 27 91 62 29
2 75 84 91 29
2 75 84 62 29
2 75 91 62 29
2 84 91 62 29
2 97 99 38 29
2 97 99 14 29
2 97 99 24 29
2 97 99 92 29
2 97 38 14 29
2 97 38 24 29
2 97 38 92 29
2 97 14 24 29
2 97 14 92 29
2 97 24 92 29
2 99 38 14 29
2 99 38 24 29
2 99 38 92 29
2 99 14 24 29
2 99 14 92 29
2 99 24 92 29
2 38 14 24 29
2 38 14 92 29
2 38 24 92 29
2 14 24 92 29
2 33 37 11 29
2 33 37 83 29
2 33 37 21 29
2 33 37 87 29
2 33 37 95 29
2 33 11 83 29
2 33 11 21 29
2 33 11 87 29
2 33 11 95 29
2 33 83 21 29
2 33 83 87 29
2 33 83 95 29
2 33 21 87 29
2 33 21 95 29
2 33 87 95 29
2 37 11 83 29
2 37 11 21 29
2 37 11 87 29
2 37 11 95 29
2 37 83 21 29
2 37 83 87 29
2 37 83 95 29
2 37 21 87 29
2 37 21 95 29
2 37 87 95 29
2 11 83 21 29
2 11 83 87 29
2 11 83 95 29
2 11 21 87 29
2 11 21 95 29
2 11 87 95 29
2 83 21 87 29
2 83 21 95 29
2 83 87 95 29
2 21 87 95 29
2 43 49 83 29
2 43 49 21 29
2 43 49 87 29
2 43 49 29 29
2 43 49 63 29
2 43 83 21 29
2 43 83 87 29
2 43 83 29 29
2 43 83 63 29
2 43 21 87 29
2 43 21 29 29
2 43 21 63 29
2 43 87 29 29
2 43 87 63 29
2 43 29 63 29
2 49 83 21 29
2 49 83 87 29
2 49 83 29 29
2 49 83 63 29
2 49 21 87 29
2 49 21 29 29
2 49 21 63 29
2 49 87 29 29
2 49 87 63 29
2 49 29 63 29
2 83 21 87 29
2 83 21 29 29
2 83 21 63 29
2 83 87 29 29
2 83 87 63 29
2 83 29 63 29
2 21 87 29 29
2 21 87 63 29
2 21 29 63 29
2 87 29 63 29
2 43 11 49 29
2 43 11 83 29
2 43 11 21 29
2 43 11 87 29
2 43 11 29 29
2 43 11 63 29
2 43 49 83 29
2 43 49 21 29
2 43 49 87 29
2 43 49 29 29
2 43 49 63 29
2 43 83 21 29
2 43 83 87 29
2 43 83 29 29
2 43 83 63 29
2 43 21 87 29
2 43 21 29 29
2 43 21 63 29
2 43 87 29 29
2 43 87 63 29
2 43 29 63 29
2 11 49 83 29
2 11 49 21 29
2 11 49 87 29
2 11 49 29 29
2 11 49 63 29
2 11 83 21 29
2 11 83 87 29
2 11 83 29 29
2 11 83 63 29
2 11 21 87 29
2 11 21 29 29
2 11 21 63 29
2 11 87 29 29
2 11 87 63 29
2 11 29 63 29
2 49 83 21 29
2 49 83 87 29
2 49 83 29 29
2 49 83 63 29
2 49 21 87 29
2 49 21 29 29
2 49 21 63 29
2 49 87 29 29
2 49 87 63 29
2 49 29 63 29
2 83 21 87 29
2 83 21 29 29
2 83 21 63 29
2 83 87 29 29
2 83 87 63 29
2 83 29 63 29
2 21 87 29 29
2 21 87 63 29
2 21 29 63 29
2 87 29 63 29
2 48 35 77 30
2 40 80 3 30
2 40 80 4 30
2 40 3 4 30
2 80 3 4 30
2 96 0 10 30
2 96 0 27 30
2 96 0 84 30
2 96 10 27 30
2 96 10 84 30
2 96 27 84 30
2 0 10 27 30
2 0 10 84 30
2 0 27 84 30
2 10 27 84 30
2 40 80 3 30
2 40 80 4 30
2 40 80 73 30
2 40 3 4 30
2 40 3 73 30
2 40 4 73 30
2 80 3 4 30
2 80 3 73 30
2 80 4 73 30
2 3 4 73 30
2 96 0 75 30
2 96 0 84 30
2 96 0 27 30
2 96 75 84 30
2 96 75 27 30
2 96 84 27 30
2 0 75 84 30
2 0 75 27 30
2 0 84 27 30
2 75 84 27 30
2 34 91 75 30
2 34 91 84 30
2 34 91 27 30
2 34 91 62 30
2 34 75 84 30
2 34 75 27 30
2 34 75 62 30
2 34 84 27 30
2 34 84 62 30
2 34 27 62 30
2 91 75 84 30
2 91 75 27 30
2 91 75 62 30
2 91 84 27 30
2 91 84 62 30
2 91 27 62 30
2 75 84 27 30
2 75 84 62 30
2 75 27 62 30
2 84 27 62 30
2 96 0 75 30
2 96 0 84 30
2 96 0 27 30
2 96 0 62 30
2 96 75 84 30
2 96 75 27 30
2 96 75 62 30
2 96 84 27 30
2 96 84 62 30
2 96 27 62 30
2 0 75 84 30
2 0 75 27 30
2 0 75 62 30
2 0 84 27 30
2 0 84 62 30
2 0 27 62 30
2 75 84 27 30
2 75 84 62 30
2 75 27 62 30
2 84 27 62 30
2 48 35 20 31
2 48 35 77 31
2 48 20 77 31
2 35 20 77 31
2 90 54 78 31
2 90 54 6 31
2 90 78 6 31
2 54 78 6 31
2 65 35 77 31
2 65 35 7 31
2 65 77 7 31
2 35 77 7 31
2 72 81 10 31
2 72 81 86 31
2 72 10 86 31
2 81 10 86 31
2 97 60 14 31
2 97 60 38 31
2 97 14 38 31
2 60 14 38 31
2 0 81 10 31
2 0 81 86 31
2 0 81 72 31
2 0 10 86 31
2 0 10 72 31
2 0 86 72 31
2 81 10 86 31
2 81 10 72 31
2 81 86 72 31
2 10 86 72 31
2 48 65 35 31
2 48 65 20 31
2 48 65 77 31
2 48 35 20 31
2 48 35 77 31
2 48 20 77 31
2 65 35 20 31
2 65 35 77 31
2 65 20 77 31
2 35 20 77 31
2 18 22 60 31
2 18 22 38 31
2 18 22 14 31
2 18 60 38 31
2 18 60 14 31
2 18 38 14 31
2 22 60 38 31
2 22 60 14 31
2 22 38 14 31
2 60 38 14 31
2 48 35 20 31
2 48 35 77 31
2 48 35 13 31
2 48 20 77 31
2 48 20 13 31
2 48 77 13 31
2 35 20 77 31
2 35 20 13 31
2 35 77 13 31
2 20 77 13 31
2 65 35 77 31
2 65 35 59 31
2 65 35 7 31
2 65 77 59 31
2 65 77 7 31
2 65 59 7 31
2 35 77 59 31
2 35 77 7 31
2 35 59 7 31
2 77 59 7 31
2 24 97 60 31
2 24 97 14 31
2 24 97 38 31
2 24 60 14 31
2 24 60 38 31
2 24 14 38 31
2 97 60 14 31
2 97 60 38 31
2 97 14 38 31
2 60 14 38 31
2 97 38 92 31
2 97 38 14 31
2 97 38 24 31
2 97 38 60 31
2 97 92 14 31
2 97 92 24 31
2 97 92 60 31
2 97 14 24 31
2 97 14 60 31
2 97 24 60 31
2 38 92 14 31
2 38 92 24 31
2 38 92 60 31
2 38 14 24 31
2 38 14 60 31
2 38 24 60 31
2 92 14 24 31
2 92 14 60 31
2 92 24 60 31
2 14 24 60 31
2 65 35 77 31
2 65 35 13 31
2 65 35 48 31
2 65 35 20 31
2 65 77 13 31
2 65 77 48 31
2 65 77 20 31
2 65 13 48 31
2 65 13 20 31
2 65 48 20 31
2 35 77 13 31
2 35 77 48 31
2 35 77 20 31
2 35 13 48 31
2 35 13 20 31
2 35 48 20 31
2 77 13 48 31
2 77 13 20 31
2 77 48 20 31
2 13 48 20 31
2 34 18 22 31
2 34 18 91 31
2 34 18 60 31
2 34 18 62 31
2 34 22 91 31
2 34 22 60 31
2 34 22 62 31
2 34 91 60 31
2 34 91 62 31
2 34 60 62 31
2 18 22 91 31
2 18 22 60 31
2 18 22 62 31
2 18 91 60 31
2 18 91 62 31
2 18 60 62 31
2 22 91 60 31
2 22 91 62 31
2 22 60 62 31
2 91 60 62 31
2 96 34 27 31
2 96 34 75 31
2 96 34 84 31
2 96 34 91 31
2 96 34 62 31
2 96 27 75 31
2 96 27 84 31
2 96 27 91 31
2 96 27 62 31
2 96 75 84 31
2 96 75 91 31
2 96 75 62 31
2 96 84 91 31
2 96 84 62 31
2 96 91 62 31
2 34 27 75 31
2 34 27 84 31
2 34 27 91 31
2 34 27 62 31
2 34 75 84 31
2 34 75 91 31
2 34 75 62 31
2 34 84 91 31
2 34 84 62 31
2 34 91 62 31
2 27 75 84 31
2 27 75 91 31
2 27 75 62 31
2 27 84 91 31
2 27 84 62 31
2 27 91 62 31
2 75 84 91 31
2 75 84 62 31
2 75 91 62 31
2 84 91 62 31
2 97 99 38 31
2 97 99 92 31
2 97 99 14 31
2 97 99 24 31
2 97 99 60 31
2 97 38 92 31
2 97 38 14 31
2 97 38 24 31
2 97 38 60 31
2 97 92 14 31
2 97 92 24 31
2 97 92 60 31
2 97 14 24 31
2 97 14 60 31
2 97 24 60 31
2 99 38 92 31
2 99 38 14 31
2 99 38 24 31
2 99 38 60 31
2 99 92 14 31
2 99 92 24 31
2 99 92 60 31
2 99 14 24 31
2 99 14 60 31
2 99 24 60 31
2 38 92 14 31
2 38 92 24 31
2 38 92 60 31
2 38 14 24 31
2 38 14 60 31
2 38 24 60 31
2 92 14 24 31
2 92 14 60 31
2 92 24 60 31
2 14 24 60 31
2 96 0 91 31
2 96 0 75 31
2 96 0 84 31
2 96 0 27 31
2 96 0 62 31
2 96 91 75 31
2 96 91 84 31
2 96 91 27 31
2 96 91 62 31
2 96 75 84 31
2 96 75 27 31
2 96 75 62 31
2 96 84 27 31
2 96 84 62 31
2 96 27 62 31
2 0 91 75 31
2 0 91 84 31
2 0 91 27 31
2 0 91 62 31
2 0 75 84 31
2 0 75 27 31
2 0 75 62 31
2 0 84 27 31
2 0 84 62 31
2 0 27 62 31
2 91 75 84 31
2 91 75 27 31
2 91 75 62 31
2 91 84 27 31
2 91 84 62 31
2 91 27 62 31
2 75 84 27 31
2 75 84 62 31
2 75 27 62 31
2 84 27 62 31
2 72 2 93 32
2 72 2 46 32
2 72 93 46 32
2 2 93 46 32
2 64 74 61 32
2 64 74 45 32
2 64 61 45 32
2 74 61 45 32
2 40 3 4 32
2 40 3 71 32
2 40 4 71 32
2 3 4 71 32
2 17 58 19 32
2 17 58 94 32
2 17 58 79 32
2 17 19 94 32
2 17 19 79 32
2 17 94 79 32
2 58 19 94 32
2 58 19 79 32
2 58 94 79 32
2 19 94 79 32
2 48 20 13 32
2 48 20 77 32
2 48 20 15 32
2 48 13 77 32
2 48 13 15 32
2 48 77 15 32
2 20 13 77 32
2 20 13 15 32
2 20 77 15 32
2 13 77 15 32
2 26 54 78 32
2 26 54 90 32
2 26 54 6 32
2 26 78 90 32
2 26 78 6 32
2 26 90 6 32
2 54 78 90 32
2 54 78 6 32
2 54 90 6 32
2 78 90 6 32
2 64 74 55 32
2 64 74 61 32
2 64 74 45 32
2 64 55 61 32
2 64 55 45 32
2 64 61 45 32
2 74 55 61 32
2 74 55 45 32
2 74 61 45 32
2 55 61 45 32
2 72 2 93 32
2 72 2 46 32
2 72 2 5 32
2 72 93 46 32
2 72 93 5 32
2 72 46 5 32
2 2 93 46 32
2 2 93 5 32
2 2 46 5 32
2 93 46 5 32
2 64 17 74 32
2 64 17 19 32
2 64 17 61 32
2 64 74 19 32
2 64 74 61 32
2 64 19 61 32
2 17 74 19 32
2 17 74 61 32
2 17 19 61 32
2 74 19 61 32
2 66 13 77 32
2 66 13 15 32
2 66 13 48 32
2 66 13 20 32
2 66 77 15 32
2 66 77 48 32
2 66 77 20 32
2 66 15 48 32
2 66 15 20 32
2 66 48 20 32
2 13 77 15 32
2 13 77 48 32
2 13 77 20 32
2 13 15 48 32
2 13 15 20 32
2 13 48 20 32
2 77 15 48 32
2 77 15 20 32
2 77 48 20 32
2 15 48 20 32
2 1 66 42 32
2 1 66 13 32
2 1 66 15 32
2 1 66 82 32
2 1 66 20 32
2 1 42 13 32
2 1 42 15 32
2 1 42 82 32
2 1 42 20 32
2 1 13 15 32
2 1 13 82 32
2 1 13 20 32
2 1 15 82 32
2 1 15 20 32
2 1 82 20 32
2 66 42 13 32
2 66 42 15 32
2 66 42 82 32
2 66 42 20 32
2 66 13 15 32
2 66 13 82 32
2 66 13 20 32
2 66 15 82 32
2 66 15 20 32
2 66 82 20 32
2 42 13 15 32
2 42 13 82 32
2 42 13 20 32
2 42 15 82 32
2 42 15 20 32
2 42 82 20 32
2 13 15 82 32
2 13 15 20 32
2 13 82 20 32
2 15 82 20 32
2 6 43 78 32
2 6 43 49 32
2 6 43 54 32
2 6 43 26 32
2 6 43 63 32
2 6 78 49 32
2 6 78 54 32
2 6 78 26 32
2 6 78 63 32
2 6 49 54 32
2 6 49 26 32
2 6 49 63 32
2 6 54 26 32
2 6 54 63 32
2 6 26 63 32
2 43 78 49 32
2 43 78 54 32
2 43 78 26 32
2 43 78 63 32
2 43 49 54 32
2 43 49 26 32
2 43 49 63 32
2 43 54 26 32
2 43 54 63 32
2 43 26 63 32
2 78 49 54 32
2 78 49 26 32
2 78 49 63 32
2 78 54 26 32
2 78 54 63 32
2 78 26 63 32
2 49 54 26 32
2 49 54 63 32
2 49 26 63 32
2 54 26 63 32
2 6 43 78 32
2 6 43 49 32
2 6 43 54 32
2 6 43 26 32
2 6 43 29 32
2 6 43 63 32
2 6 78 49 32
2 6 78 54 32
2 6 78 26 32
2 6 78 29 32
2 6 78 63 32
2 6 49 54 32
2 6 49 26 32
2 6 49 29 32
2 6 49 63 32
2 6 54 26 32
2 6 54 29 32
2 6 54 63 32
2 6 26 29 32
2 6 26 63 32
2 6 29 63 32
2 43 78 49 32
2 43 78 54 32
2 43 78 26 32
2 43 78 29 32
2 43 78 63 32
2 43 49 54 32
2 43 49 26 32
2 43 49 29 32
2 43 49 63 32
2 43 54 26 32
2 43 54 29 32
2 43 54 63 32
2 43 26 29 32
2 43 26 63 32
2 43 29 63 32
2 78 49 54 32
2 78 49 26 32
2 78 49 29 32
2 78 49 63 32
2 78 54 26 32
2 78 54 29 32
2 78 54 63 32
2 78 26 29 32
2 78 26 63 32
2 78 29 63 32
2 49 54 26 32
2 49 54 29 32
2 49 54 63 32
2 49 26 29 32
2 49 26 63 32
2 49 29 63 32
2 54 26 29 32
2 54 26 63 32
2 54 29 63 32
2 26 29 63 32
2 0 96 10 33
2 0 96 86 33
2 0 10 86 33
2 96 10 86 33
2 66 15 20 33
2 66 15 42 33
2 66 15 13 33
2 66 20 42 33
2 66 20 13 33
2 66 42 13 33
2 15 20 42 33
2 15 20 13 33
2 15 42 13 33
2 20 42 13 33
2 17 58 19 33
2 17 58 74 33
2 17 58 61 33
2 17 19 74 33
2 17 19 61 33
2 17 74 61 33
2 58 19 74 33
2 58 19 61 33
2 58 74 61 33
2 19 74 61 33
2 0 81 10 33
2 0 81 86 33
2 0 81 96 33
2 0 10 86 33
2 0 10 96 33
2 0 86 96 33
2 81 10 86 33
2 81 10 96 33
2 81 86 96 33
2 10 86 96 33
2 66 42 13 33
2 66 42 15 33
2 66 42 82 33
2 66 42 20 33
2 66 13 15 33
2 66 13 82 33
2 66 13 20 33
2 66 15 82 33
2 66 15 20 33
2 66 82 20 33
2 42 13 15 33
2 42 13 82 33
2 42 13 20 33
2 42 15 82 33
2 42 15 20 33
2 42 82 20 33
2 13 15 82 33
2 13 15 20 33
2 13 82 20 33
2 15 82 20 33
2 12 79 16 33
2 12 79 25 33
2 12 79 58 33
2 12 79 94 33
2 12 16 25 33
2 12 16 58 33
2 12 16 94 33
2 12 25 58 33
2 12 25 94 33
2 12 58 94 33
2 79 16 25 33
2 79 16 58 33
2 79 16 94 33
2 79 25 58 33
2 79 25 94 33
2 79 58 94 33
2 16 25 58 33
2 16 25 94 33
2 16 58 94 33
2 25 58 94 33
2 64 74 17 33
2 64 74 19 33
2 64 74 58 33
2 64 74 61 33
2 64 17 19 33
2 64 17 58 33
2 64 17 61 33
2 64 19 58 33
2 64 19 61 33
2 64 58 61 33
2 74 17 19 33
2 74 17 58 33
2 74 17 61 33
2 74 19 58 33
2 74 19 61 33
2 74 58 61 33
2 17 19 58 33
2 17 19 61 33
2 17 58 61 33
2 19 58 61 33
2 0 96 72 33
2 0 96 10 33
2 0 96 81 33
2 0 96 86 33
2 0 72 10 33
2 0 72 81 33
2 0 72 86 33
2 0 10 81 33
2 0 10 86 33
2 0 81 86 33
2 96 72 10 33
2 96 72 81 33
2 96 72 86 33
2 96 10 81 33
2 96 10 86 33
2 96 81 86 33
2 72 10 81 33
2 72 10 86 33
2 72 81 86 33
2 10 81 86 33
2 28 37 70 34
2 28 37 95 34
2 28 70 95 34
2 37 70 95 34
2 56 28 37 34
2 56 28 70 34
2 56 28 95 34
2 56 37 70 34
2 56 37 95 34
2 56 70 95 34
2 28 37 70 34
2 28 37 95 34
2 28 70 95 34
2 37 70 95 34
2 18 22 60 34
2 18 22 34 34
2 18 22 38 34
2 18 60 34 34
2 18 60 38 34
2 18 34 38 34
2 22 60 34 34
2 22 60 38 34
2 22 34 38 34
2 60 34 38 34
2 33 11 37 34
2 33 11 70 34
2 33 11 95 34
2 33 37 70 34
2 33 37 95 34
2 33 70 95 34
2 11 37 70 34
2 11 37 95 34
2 11 70 95 34
2 37 70 95 34
2 40 80 3 34
2 40 80 4 34
2 40 80 71 34
2 40 3 4 34
2 40 3 71 34
2 40 4 71 34
2 80 3 4 34
2 80 3 71 34
2 80 4 71 34
2 3 4 71 34
2 0 96 10 34
2 0 96 84 34
2 0 96 86 34
2 0 10 84 34
2 0 10 86 34
2 0 84 86 34
2 96 10 84 34
2 96 10 86 34
2 96 84 86 34
2 10 84 86 34
2 96 0 10 34
2 96 0 75 34
2 96 0 84 34
2 96 0 27 34
2 96 10 75 34
2 96 10 84 34
2 96 10 27 34
2 96 75 84 34
2 96 75 27 34
2 96 84 27 34
2 0 10 75 34
2 0 10 84 34
2 0 10 27 34
2 0 75 84 34
2 0 75 27 34
2 0 84 27 34
2 10 75 84 34
2 10 75 27 34
2 10 84 27 34
2 75 84 27 34
2 33 37 70 34
2 33 37 11 34
2 33 37 87 34
2 33 37 95 34
2 33 70 11 34
2 33 70 87 34
2 33 70 95 34
2 33 11 87 34
2 33 11 95 34
2 33 87 95 34
2 37 70 11 34
2 37 70 87 34
2 37 70 95 34
2 37 11 87 34
2 37 11 95 34
2 37 87 95 34
2 70 11 87 34
2 70 11 95 34
2 70 87 95 34
2 11 87 95 34
2 34 38 18 34
2 34 38 22 34
2 34 38 91 34
2 34 38 60 34
2 34 18 22 34
2 34 18 91 34
2 34 18 60 34
2 34 22 91 34
2 34 22 60 34
2 34 91 60 34
2 38 18 22 34
2 38 18 91 34
2 38 18 60 34
2 38 22 91 34
2 38 22 60 34
2 38 91 60 34
2 18 22 91 34
2 18 22 60 34
2 18 91 60 34
2 22 91 60 34
2 0 96 10 34
2 0 96 81 34
2 0 96 84 34
2 0 96 86 34
2 0 10 81 34
2 0 10 84 34
2 0 10 86 34
2 0 81 84 34
2 0 81 86 34
2 0 84 86 34
2 96 10 81 34
2 96 10 84 34
2 96 10 86 34
2 96 81 84 34
2 96 81 86 34
2 96 84 86 34
2 10 81 84 34
2 10 81 86 34
2 10 84 86 34
2 81 84 86 34
2 34 38 18 34
2 34 38 22 34
2 34 38 91 34
2 34 38 60 34
2 34 38 62 34
2 34 18 22 34
2 34 18 91 34
2 34 18 60 34
2 34 18 62 34
2 34 22 91 34
2 34 22 60 34
2 34 22 62 34
2 34 91 60 34
2 34 91 62 34
2 34 60 62 34
2 38 18 22 34
2 38 18 91 34
2 38 18 60 34
2 38 18 62 34
2 38 22 91 34
2 38 22 60 34
2 38 22 62 34
2 38 91 60 34
2 38 91 62 34
2 38 60 62 34
2 18 22 91 34
2 18 22 60 34
2 18 22 62 34
2 18 91 60 34
2 18 91 62 34
2 18 60 62 34
2 22 91 60 34
2 22 91 62 34
2 22 60 62 34
2 91 60 62 34
2 0 96 72 34
2 0 96 10 34
2 0 96 81 34
2 0 96 84 34
2 0 96 86 34
2 0 72 10 34
2 0 72 81 34
2 0 72 84 34
2 0 72 86 34
2 0 10 81 34
2 0 10 84 34
2 0 10 86 34
2 0 81 84 34
2 0 81 86 34
2 0 84 86 34
2 96 72 10 34
2 96 72 81 34
2 96 72 84 34
2 96 72 86 34
2 96 10 81 34
2 96 10 84 34
2 96 10 86 34
2 96 81 84 34
2 96 81 86 34
2 96 84 86 34
2 72 10 81 34
2 72 10 84 34
2 72 10 86 34
2 72 81 84 34
2 72 81 86 34
2 72 84 86 34
2 10 81 84 34
2 10 81 86 34
2 10 84 86 34
2 81 84 86 34
2 96 0 10 34
2 96 0 75 34
2 96 0 84 34
2 96 0 27 34
2 96 0 62 34
2 96 10 75 34
2 96 10 84 34
2 96 10 27 34
2 96 10 62 34
2 96 75 84 34
2 96 75 27 34
2 96 75 62 34
2 96 84 27 34
2 96 84 62 34
2 96 27 62 34
2 0 10 75 34
2 0 10 84 34
2 0 10 27 34
2 0 10 62 34
2 0 75 84 34
2 0 75 27 34
2 0 75 62 34
2 0 84 27 34
2 0 84 62 34
2 0 27 62 34
2 10 75 84 34
2 10 75 27 34
2 10 75 62 34
2 10 84 27 34
2 10 84 62 34
2 10 27 62 34
2 75 84 27 34
2 75 84 62 34
2 75 27 62 34
2 84 27 62 34
2 96 0 27 34
2 96 0 10 34
2 96 0 75 34
2 96 0 84 34
2 96 0 91 34
2 96 0 62 34
2 96 27 10 34
2 96 27 75 34
2 96 27 84 34
2 96 27 91 34
2 96 27 62 34
2 96 10 75 34
2 96 10 84 34
2 96 10 91 34
2 96 10 62 34
2 96 75 84 34
2 96 75 91 34
2 96 75 62 34
2 96 84 91 34
2 96 84 62 34
2 96 91 62 34
2 0 27 10 34
2 0 27 75 34
2 0 27 84 34
2 0 27 91 34
2 0 27 62 34
2 0 10 75 34
2 0 10 84 34
2 0 10 91 34
2 0 10 62 34
2 0 75 84 34
2 0 75 91 34
2 0 75 62 34
2 0 84 91 34
2 0 84 62 34
2 0 91 62 34
2 27 10 75 34
2 27 10 84 34
2 27 10 91 34
2 27 10 62 34
2 27 75 84 34
2 27 75 91 34
2 27 75 62 34
2 27 84 91 34
2 27 84 62 34
2 27 91 62 34
2 10 75 84 34
2 10 75 91 34
2 10 75 62 34
2 10 84 91 34
2 10 84 62 34
2 10 91 62 34
2 75 84 91 34
2 75 84 62 34
2 75 91 62 34
2 84 91 62 34
2 8 68 51 35
2 8 68 76 35
2 8 68 39 35
2 8 51 76 35
2 8 51 39 35
2 8 76 39 35
2 68 51 76 35
2 68 51 39 35
2 68 76 39 35
2 51 76 39 35
2 80 73 3 35
2 80 73 69 35
2 80 73 40 35
2 80 3 69 35
2 80 3 40 35
2 80 69 40 35
2 73 3 69 35
2 73 3 40 35
2 73 69 40 35
2 3 69 40 35
2 67 68 39 35
2 67 68 8 35
2 67 68 76 35
2 67 68 51 35
2 67 39 8 35
2 67 39 76 35
2 67 39 51 35
2 67 8 76 35
2 67 8 51 35
2 67 76 51 35
2 68 39 8 35
2 68 39 76 35
2 68 39 51 35
2 68 8 76 35
2 68 8 51 35
2 68 76 51 35
2 39 8 76 35
2 39 8 51 35
2 39 76 51 35
2 8 76 51 35
2 3 4 71 35
2 3 4 40 35
2 3 4 73 35
2 3 4 80 35
2 3 71 40 35
2 3 71 73 35
2 3 71 80 35
2 3 40 73 35
2 3 40 80 35
2 3 73 80 35
2 4 71 40 35
2 4 71 73 35
2 4 71 80 35
2 4 40 73 35
2 4 40 80 35
2 4 73 80 35
2 71 40 73 35
2 71 40 80 35
2 71 73 80 35
2 40 73 80 35
2 32 67 68 35
2 32 67 39 35
2 32 67 8 35
2 32 67 76 35
2 32 67 51 35
2 32 68 39 35
2 32 68 8 35
2 32 68 76 35
2 32 68 51 35
2 32 39 8 35
2 32 39 76 35
2 32 39 51 35
2 32 8 76 35
2 32 8 51 35
2 32 76 51 35
2 67 68 39 35
2 67 68 8 35
2 67 68 76 35
2 67 68 51 35
2 67 39 8 35
2 67 39 76 35
2 67 39 51 35
2 67 8 76 35
2 67 8 51 35
2 67 76 51 35
2 68 39 8 35
2 68 39 76 35
2 68 39 51 35
2 68 8 76 35
2 68 8 51 35
2 68 76 51 35
2 39 8 76 35
2 39 8 51 35
2 39 76 51 35
2 8 76 51 35
2 34 27 75 36
2 34 27 18 36
2 34 27 22 36
2 34 27 91 36
2 34 27 62 36
2 34 75 18 36
2 34 75 22 36
2 34 75 91 36
2 34 75 62 36
2 34 18 22 36
2 34 18 91 36
2 34 18 62 36
2 34 22 91 36
2 34 22 62 36
2 34 91 62 36
2 27 75 18 36
2 27 75 22 36
2 27 75 91 36
2 27 75 62 36
2 27 18 22 36
2 27 18 91 36
2 27 18 62 36
2 27 22 91 36
2 27 22 62 36
2 27 91 62 36
2 75 18 22 36
2 75 18 91 36
2 75 18 62 36
2 75 22 91 36
2 75 22 62 36
2 75 91 62 36
2 18 22 91 36
2 18 22 62 36
2 18 91 62 36
2 22 91 62 36
2 96 0 34 36
2 96 0 91 36
2 96 0 75 36
2 96 0 84 36
2 96 0 27 36
2 96 0 62 36
2 96 34 91 36
2 96 34 75 36
2 96 34 84 36
2 96 34 27 36
2 96 34 62 36
2 96 91 75 36
2 96 91 84 36
2 96 91 27 36
2 96 91 62 36
2 96 75 84 36
2 96 75 27 36
2 96 75 62 36
2 96 84 27 36
2 96 84 62 36
2 96 27 62 36
2 0 34 91 36
2 0 34 75 36
2 0 34 84 36
2 0 34 27 36
2 0 34 62 36
2 0 91 75 36
2 0 91 84 36
2 0 91 27 36
2 0 91 62 36
2 0 75 84 36
2 0 75 27 36
2 0 75 62 36
2 0 84 27 36
2 0 84 62 36
2 0 27 62 36
2 34 91 75 36
2 34 91 84 36
2 34 91 27 36
2 34 91 62 36
2 34 75 84 36
2 34 75 27 36
2 34 75 62 36
2 34 84 27 36
2 34 84 62 36
2 34 27 62 36
2 91 75 84 36
2 91 75 27 36
2 91 75 62 36
2 91 84 27 36
2 91 84 62 36
2 91 27 62 36
2 75 84 27 36
2 75 84 62 36
2 75 27 62 36
2 84 27 62 36
2 96 0 34 36
2 96 0 91 36
2 96 0 10 36
2 96 0 75 36
2 96 0 84 36
2 96 0 27 36
2 96 0 62 36
2 96 34 91 36
2 96 34 10 36
2 96 34 75 36
2 96 34 84 36
2 96 34 27 36
2 96 34 62 36
2 96 91 10 36
2 96 91 75 36
2 96 91 84 36
2 96 91 27 36
2 96 91 62 36
2 96 10 75 36
2 96 10 84 36
2 96 10 27 36
2 96 10 62 36
2 96 75 84 36
2 96 75 27 36
2 96 75 62 36
2 96 84 27 36
2 96 84 62 36
2 96 27 62 36
2 0 34 91 36
2 0 34 10 36
2 0 34 75 36
2 0 34 84 36
2 0 34 27 36
2 0 34 62 36
2 0 91 10 36
2 0 91 75 36
2 0 91 84 36
2 0 91 27 36
2 0 91 62 36
2 0 10 75 36
2 0 10 84 36
2 0 10 27 36
2 0 10 62 36
2 0 75 84 36
2 0 75 27 36
2 0 75 62 36
2 0 84 27 36
2 0 84 62 36
2 0 27 62 36
2 34 91 10 36
2 34 91 75 36
2 34 91 84 36
2 34 91 27 36
2 34 91 62 36
2 34 10 75 36
2 34 10 84 36
2 34 10 27 36
2 34 10 62 36
2 34 75 84 36
2 34 75 27 36
2 34 75 62 36
2 34 84 27 36
2 34 84 62 36
2 34 27 62 36
2 91 10 75 36
2 91 10 84 36
2 91 10 27 36
2 91 10 62 36
2 91 75 84 36
2 91 75 27 36
2 91 75 62 36
2 91 84 27 36
2 91 84 62 36
2 91 27 62 36
2 10 75 84 36
2 10 75 27 36
2 10 75 62 36
2 10 84 27 36
2 10 84 62 36
2 10 27 62 36
2 75 84 27 36
2 75 84 62 36
2 75 27 62 36
2 84 27 62 36
2 41 50 23 37
2 41 50 57 37
2 41 23 57 37
2 50 23 57 37
2 41 50 69 37
2 41 50 23 37
2 41 69 23 37
2 50 69 23 37
2 57 50 23 37
2 57 50 30 37
2 57 50 41 37
2 57 23 30 37
2 57 23 41 37
2 57 30 41 37
2 50 23 30 37
2 50 23 41 37
2 50 30 41 37
2 23 30 41 37
2 90 36 55 38
2 90 36 54 38
2 59 35 7 38
2 80 73 50 38
2 80 73 69 38
2 80 50 69 38
2 73 50 69 38
2 80 41 50 38
2 80 41 69 38
2 80 41 73 38
2 80 50 69 38
2 80 50 73 38
2 80 69 73 38
2 41 50 69 38
2 41 50 73 38
2 41 69 73 38
2 50 69 73 38
2 41 50 23 38
2 41 50 69 38
2 41 50 73 38
2 41 23 69 38
2 41 23 73 38
2 41 69 73 38
2 50 23 69 38
2 50 23 73 38
2 50 69 73 38
2 23 69 73 38
2 79 16 17 38
2 79 16 19 38
2 79 16 58 38
2 79 16 94 38
2 79 17 19 38
2 79 17 58 38
2 79 17 94 38
2 79 19 58 38
2 79 19 94 38
2 79 58 94 38
2 16 17 19 38
2 16 17 58 38
2 16 17 94 38
2 16 19 58 38
2 16 19 94 38
2 16 58 94 38
2 17 19 58 38
2 17 19 94 38
2 17 58 94 38
2 19 58 94 38
2 33 37 70 38
2 33 37 11 38
2 33 37 83 38
2 33 37 87 38
2 33 37 95 38
2 33 70 11 38
2 33 70 83 38
2 33 70 87 38
2 33 70 95 38
2 33 11 83 38
2 33 11 87 38
2 33 11 95 38
2 33 83 87 38
2 33 83 95 38
2 33 87 95 38
2 37 70 11 38
2 37 70 83 38
2 37 70 87 38
2 37 70 95 38
2 37 11 83 38
2 37 11 87 38
2 37 11 95 38
2 37 83 87 38
2 37 83 95 38
2 37 87 95 38
2 70 11 83 38
2 70 11 87 38
2 70 11 95 38
2 70 83 87 38
2 70 83 95 38
2 70 87 95 38
2 11 83 87 38
2 11 83 95 38
2 11 87 95 38
2 83 87 95 38
2 90 36 54 39
2 90 36 55 39
2 90 54 55 39
2 36 54 55 39
2 90 36 45 39
2 90 36 55 39
2 90 45 55 39
2 36 45 55 39
2 24 89 99 39
2 24 89 92 39
2 24 89 47 39
2 24 99 92 39
2 24 99 47 39
2 24 92 47 39
2 89 99 92 39
2 89 99 47 39
2 89 92 47 39
2 99 92 47 39
2 6 43 78 39
2 6 43 54 39
2 6 43 26 39
2 6 43 90 39
2 6 78 54 39
2 6 78 26 39
2 6 78 90 39
2 6 54 26 39
2 6 54 90 39
2 6 26 90 39
2 43 78 54 39
2 43 78 26 39
2 43 78 90 39
2 43 54 26 39
2 43 54 90 39
2 43 26 90 39
2 78 54 26 39
2 78 54 90 39
2 78 26 90 39
2 54 26 90 39
2 69 41 23 39
2 69 41 80 39
2 69 41 50 39
2 69 41 73 39
2 69 23 80 39
2 69 23 50 39
2 69 23 73 39
2 69 80 50 39
2 69 80 73 39
2 69 50 73 39
2 41 23 80 39
2 41 23 50 39
2 41 23 73 39
2 41 80 50 39
2 41 80 73 39
2 41 50 73 39
2 23 80 50 39
2 23 80 73 39
2 23 50 73 39
2 80 50 73 39
2 34 91 75 39
2 34 91 18 39
2 34 91 84 39
2 34 91 27 39
2 34 91 62 39
2 34 75 18 39
2 34 75 84 39
2 34 75 27 39
2 34 75 62 39
2 34 18 84 39
2 34 18 27 39
2 34 18 62 39
2 34 84 27 39
2 34 84 62 39
2 34 27 62 39
2 91 75 18 39
2 91 75 84 39
2 91 75 27 39
2 91 75 62 39
2 91 18 84 39
2 91 18 27 39
2 91 18 62 39
2 91 84 27 39
2 91 84 62 39
2 91 27 62 39
2 75 18 84 39
2 75 18 27 39
2 75 18 62 39
2 75 84 27 39
2 75 84 62 39
2 75 27 62 39
2 18 84 27 39
2 18 84 62 39
2 18 27 62 39
2 84 27 62 39
2 6 43 78 39
2 6 43 54 39
2 6 43 26 39
2 6 43 90 39
2 6 43 63 39
2 6 78 54 39
2 6 78 26 39
2 6 78 90 39
2 6 78 63 39
2 6 54 26 39
2 6 54 90 39
2 6 54 63 39
2 6 26 90 39
2 6 26 63 39
2 6 90 63 39
2 43 78 54 39
2 43 78 26 39
2 43 78 90 39
2 43 78 63 39
2 43 54 26 39
2 43 54 90 39
2 43 54 63 39
2 43 26 90 39
2 43 26 63 39
2 43 90 63 39
2 78 54 26 39
2 78 54 90 39
2 78 54 63 39
2 78 26 90 39
2 78 26 63 39
2 78 90 63 39
2 54 26 90 39
2 54 26 63 39
2 54 90 63 39
2 26 90 63 39
2 64 36 45 40
2 64 36 55 40
2 64 45 55 40
2 36 45 55 40
2 90 36 45 40
2 90 36 54 40
2 90 36 55 40
2 90 45 54 40
2 90 45 55 40
2 90 54 55 40
2 36 45 54 40
2 36 45 55 40
2 36 54 55 40
2 45 54 55 40
2 64 55 36 40
2 64 55 61 40
2 64 55 45 40
2 64 36 61 40
2 64 36 45 40
2 64 61 45 40
2 55 36 61 40
2 55 36 45 40
2 55 61 45 40
2 36 61 45 40
2 33 11 83 40
2 33 11 21 40
2 33 11 87 40
2 33 11 29 40
2 33 83 21 40
2 33 83 87 40
2 33 83 29 40
2 33 21 87 40
2 33 21 29 40
2 33 87 29 40
2 11 83 21 40
2 11 83 87 40
2 11 83 29 40
2 11 21 87 40
2 11 21 29 40
2 11 87 29 40
2 83 21 87 40
2 83 21 29 40
2 83 87 29 40
2 21 87 29 40
2 64 36 74 40
2 64 36 45 40
2 64 36 55 40
2 64 36 61 40
2 64 74 45 40
2 64 74 55 40
2 64 74 61 40
2 64 45 55 40
2 64 45 61 40
2 64 55 61 40
2 36 74 45 40
2 36 74 55 40
2 36 74 61 40
2 36 45 55 40
2 36 45 61 40
2 36 55 61 40
2 74 45 55 40
2 74 45 61 40
2 74 55 61 40
2 45 55 61 40
2 97 99 47 40
2 97 99 24 40
2 97 99 89 40
2 97 99 92 40
2 97 47 24 40
2 97 47 89 40
2 97 47 92 40
2 97 24 89 40
2 97 24 92 40
2 97 89 92 40
2 99 47 24 40
2 99 47 89 40
2 99 47 92 40
2 99 24 89 40
2 99 24 92 40
2 99 89 92 40
2 47 24 89 40
2 47 24 92 40
2 47 89 92 40
2 24 89 92 40
2 74 79 17 40
2 74 79 19 40
2 74 79 58 40
2 74 79 61 40
2 74 17 19 40
2 74 17 58 40
2 74 17 61 40
2 74 19 58 40
2 74 19 61 40
2 74 58 61 40
2 79 17 19 40
2 79 17 58 40
2 79 17 61 40
2 79 19 58 40
2 79 19 61 40
2 79 58 61 40
2 17 19 58 40
2 17 19 61 40
2 17 58 61 40
2 19 58 61 40
2 74 79 17 40
2 74 79 19 40
2 74 79 58 40
2 74 79 94 40
2 74 17 19 40
2 74 17 58 40
2 74 17 94 40
2 74 19 58 40
2 74 19 94 40
2 74 58 94 40
2 79 17 19 40
2 79 17 58 40
2 79 17 94 40
2 79 19 58 40
2 79 19 94 40
2 79 58 94 40
2 17 19 58 40
2 17 19 94 40
2 17 58 94 40
2 19 58 94 40
2 96 34 27 40
2 96 34 75 40
2 96 34 18 40
2 96 34 84 40
2 96 34 91 40
2 96 34 62 40
2 96 27 75 40
2 96 27 18 40
2 96 27 84 40
2 96 27 91 40
2 96 27 62 40
2 96 75 18 40
2 96 75 84 40
2 96 75 91 40
2 96 75 62 40
2 96 18 84 40
2 96 18 91 40
2 96 18 62 40
2 96 84 91 40
2 96 84 62 40
2 96 91 62 40
2 34 27 75 40
2 34 27 18 40
2 34 27 84 40
2 34 27 91 40
2 34 27 62 40
2 34 75 18 40
2 34 75 84 40
2 34 75 91 40
2 34 75 62 40
2 34 18 84 40
2 34 18 91 40
2 34 18 62 40
2 34 84 91 40
2 34 84 62 40
2 34 91 62 40
2 27 75 18 40
2 27 75 84 40
2 27 75 91 40
2 27 75 62 40
2 27 18 84 40
2 27 18 91 40
2 27 18 62 40
2 27 84 91 40
2 27 84 62 40
2 27 91 62 40
2 75 18 84 40
2 75 18 91 40
2 75 18 62 40
2 75 84 91 40
2 75 84 62 40
2 75 91 62 40
2 18 84 91 40
2 18 84 62 40
2 18 91 62 40
2 84 91 62 40
2 89 85 47 41
2 32 40 4 41
2 32 40 71 41
2 32 4 71 41
2 40 4 71 41
2 89 44 85 41
2 89 44 47 41
2 89 85 47 41
2 44 85 47 41
2 90 36 54 41
2 90 36 78 41
2 90 54 78 41
2 36 54 78 41
2 80 73 50 41
2 80 73 3 41
2 80 73 69 41
2 80 50 3 41
2 80 50 69 41
2 80 3 69 41
2 73 50 3 41
2 73 50 69 41
2 73 3 69 41
2 50 3 69 41
2 32 40 67 41
2 32 40 4 41
2 32 40 71 41
2 32 67 4 41
2 32 67 71 41
2 32 4 71 41
2 40 67 4 41
2 40 67 71 41
2 40 4 71 41
2 67 4 71 41
2 32 67 4 41
2 32 67 71 41
2 32 67 40 41
2 32 67 39 41
2 32 4 71 41
2 32 4 40 41
2 32 4 39 41
2 32 71 40 41
2 32 71 39 41
2 32 40 39 41
2 67 4 71 41
2 67 4 40 41
2 67 4 39 41
2 67 71 40 41
2 67 71 39 41
2 67 40 39 41
2 4 71 40 41
2 4 71 39 41
2 4 40 39 41
2 71 40 39 41
2 3 4 69 41
2 3 4 40 41
2 3 4 73 41
2 3 4 80 41
2 3 69 40 41
2 3 69 73 41
2 3 69 80 41
2 3 40 73 41
2 3 40 80 41
2 3 73 80 41
2 4 69 40 41
2 4 69 73 41
2 4 69 80 41
2 4 40 73 41
2 4 40 80 41
2 4 73 80 41
2 69 40 73 41
2 69 40 80 41
2 69 73 80 41
2 40 73 80 41
2 3 69 41 41
2 3 69 80 41
2 3 69 50 41
2 3 69 73 41
2 3 41 80 41
2 3 41 50 41
2 3 41 73 41
2 3 80 50 41
2 3 80 73 41
2 3 50 73 41
2 69 41 80 41
2 69 41 50 41
2 69 41 73 41
2 69 80 50 41
2 69 80 73 41
2 69 50 73 41
2 41 80 50 41
2 41 80 73 41
2 41 50 73 41
2 80 50 73 41
2 36 6 78 41
2 36 6 54 41
2 36 6 90 41
2 36 6 26 41
2 36 78 54 41
2 36 78 90 41
2 36 78 26 41
2 36 54 90 41
2 36 54 26 41
2 36 90 26 41
2 6 78 54 41
2 6 78 90 41
2 6 78 26 41
2 6 54 90 41
2 6 54 26 41
2 6 90 26 41
2 78 54 90 41
2 78 54 26 41
2 78 90 26 41
2 54 90 26 41
2 3 69 41 41
2 3 69 80 41
2 3 69 50 41
2 3 69 73 41
2 3 69 23 41
2 3 41 80 41
2 3 41 50 41
2 3 41 73 41
2 3 41 23 41
2 3 80 50 41
2 3 80 73 41
2 3 80 23 41
2 3 50 73 41
2 3 50 23 41
2 3 73 23 41
2 69 41 80 41
2 69 41 50 41
2 69 41 73 41
2 69 41 23 41
2 69 80 50 41
2 69 80 73 41
2 69 80 23 41
2 69 50 73 41
2 69 50 23 41
2 69 73 23 41
2 41 80 50 41
2 41 80 73 41
2 41 80 23 41
2 41 50 73 41
2 41 50 23 41
2 41 73 23 41
2 80 50 73 41
2 80 50 23 41
2 80 73 23 41
2 50 73 23 41
2 12 79 16 41
2 12 79 19 41
2 12 79 25 41
2 12 79 58 41
2 12 79 94 41
2 12 16 19 41
2 12 16 25 41
2 12 16 58 41
2 12 16 94 41
2 12 19 25 41
2 12 19 58 41
2 12 19 94 41
2 12 25 58 41
2 12 25 94 41
2 12 58 94 41
2 79 16 19 41
2 79 16 25 41
2 79 16 58 41
2 79 16 94 41
2 79 19 25 41
2 79 19 58 41
2 79 19 94 41
2 79 25 58 41
2 79 25 94 41
2 79 58 94 41
2 16 19 25 41
2 16 19 58 41
2 16 19 94 41
2 16 25 58 41
2 16 25 94 41
2 16 58 94 41
2 19 25 58 41
2 19 25 94 41
2 19 58 94 41
2 25 58 94 41
2 2 5 53 42
2 2 5 93 42
2 2 53 93 42
2 5 53 93 42
2 90 54 36 42
2 90 54 78 42
2 90 54 6 42
2 90 36 78 42
2 90 36 6 42
2 90 78 6 42
2 54 36 78 42
2 54 36 6 42
2 54 78 6 42
2 36 78 6 42
2 16 25 12 42
2 16 25 94 42
2 16 25 31 42
2 16 12 94 42
2 16 12 31 42
2 16 94 31 42
2 25 12 94 42
2 25 12 31 42
2 25 94 31 42
2 12 94 31 42
2 2 5 53 42
2 2 5 46 42
2 2 5 93 42
2 2 53 46 42
2 2 53 93 42
2 2 46 93 42
2 5 53 46 42
2 5 53 93 42
2 5 46 93 42
2 53 46 93 42
2 9 12 16 42
2 9 12 25 42
2 9 12 94 42
2 9 12 31 42
2 9 16 25 42
2 9 16 94 42
2 9 16 31 42
2 9 25 94 42
2 9 25 31 42
2 9 94 31 42
2 12 16 25 42
2 12 16 94 42
2 12 16 31 42
2 12 25 94 42
2 12 25 31 42
2 12 94 31 42
2 16 25 94 42
2 16 25 31 42
2 16 94 31 42
2 25 94 31 42
2 2 5 72 42
2 2 5 46 42
2 2 5 53 42
2 2 5 93 42
2 2 72 46 42
2 2 72 53 42
2 2 72 93 42
2 2 46 53 42
2 2 46 93 42
2 2 53 93 42
2 5 72 46 42
2 5 72 53 42
2 5 72 93 42
2 5 46 53 42
2 5 46 93 42
2 5 53 93 42
2 72 46 53 42
2 72 46 93 42
2 72 53 93 42
2 46 53 93 42
2 33 11 49 42
2 33 11 83 42
2 33 11 21 42
2 33 11 87 42
2 33 11 29 42
2 33 49 83 42
2 33 49 21 42
2 33 49 87 42
2 33 49 29 42
2 33 83 21 42
2 33 83 87 42
2 33 83 29 42
2 33 21 87 42
2 33 21 29 42
2 33 87 29 42
2 11 49 83 42
2 11 49 21 42
2 11 49 87 42
2 11 49 29 42
2 11 83 21 42
2 11 83 87 42
2 11 83 29 42
2 11 21 87 42
2 11 21 29 42
2 11 87 29 42
2 49 83 21 42
2 49 83 87 42
2 49 83 29 42
2 49 21 87 42
2 49 21 29 42
2 49 87 29 42
2 83 21 87 42
2 83 21 29 42
2 83 87 29 42
2 21 87 29 42
2 98 9 12 42
2 98 9 16 42
2 98 9 25 42
2 98 9 94 42
2 98 9 31 42
2 98 12 16 42
2 98 12 25 42
2 98 12 94 42
2 98 12 31 42
2 98 16 25 42
2 98 16 94 42
2 98 16 31 42
2 98 25 94 42
2 98 25 31 42
2 98 94 31 42
2 9 12 16 42
2 9 12 25 42
2 9 12 94 42
2 9 12 31 42
2 9 16 25 42
2 9 16 94 42
2 9 16 31 42
2 9 25 94 42
2 9 25 31 42
2 9 94 31 42
2 12 16 25 42
2 12 16 94 42
2 12 16 31 42
2 12 25 94 42
2 12 25 31 42
2 12 94 31 42
2 16 25 94 42
2 16 25 31 42
2 16 94 31 42
2 25 94 31 42
2 6 43 49 42
2 6 43 21 42
2 6 43 26 42
2 6 43 29 42
2 6 43 63 42
2 6 49 21 42
2 6 49 26 42
2 6 49 29 42
2 6 49 63 42
2 6 21 26 42
2 6 21 29 42
2 6 21 63 42
2 6 26 29 42
2 6 26 63 42
2 6 29 63 42
2 43 49 21 42
2 43 49 26 42
2 43 49 29 42
2 43 49 63 42
2 43 21 26 42
2 43 21 29 42
2 43 21 63 42
2 43 26 29 42
2 43 26 63 42
2 43 29 63 42
2 49 21 26 42
2 49 21 29 42
2 49 21 63 42
2 49 26 29 42
2 49 26 63 42
2 49 29 63 42
2 21 26 29 42
2 21 26 63 42
2 21 29 63 42
2 26 29 63 42
2 3 4 69 42
2 3 4 71 42
2 3 4 40 42
2 3 4 73 42
2 3 4 80 42
2 3 69 71 42
2 3 69 40 42
2 3 69 73 42
2 3 69 80 42
2 3 71 40 42
2 3 71 73 42
2 3 71 80 42
2 3 40 73 42
2 3 40 80 42
2 3 73 80 42
2 4 69 71 42
2 4 69 40 42
2 4 69 73 42
2 4 69 80 42
2 4 71 40 42
2 4 71 73 42
2 4 71 80 42
2 4 40 73 42
2 4 40 80 42
2 4 73 80 42
2 69 71 40 42
2 69 71 73 42
2 69 71 80 42
2 69 40 73 42
2 69 40 80 42
2 69 73 80 42
2 71 40 73 42
2 71 40 80 42
2 71 73 80 42
2 40 73 80 42
2 98 9 12 42
2 98 9 16 42
2 98 9 52 42
2 98 9 25 42
2 98 9 94 42
2 98 9 31 42
2 98 12 16 42
2 98 12 52 42
2 98 12 25 42
2 98 12 94 42
2 98 12 31 42
2 98 16 52 42
2 98 16 25 42
2 98 16 94 42
2 98 16 31 42
2 98 52 25 42
2 98 52 94 42
2 98 52 31 42
2 98 25 94 42
2 98 25 31 42
2 98 94 31 42
2 9 12 16 42
2 9 12 52 42
2 9 12 25 42
2 9 12 94 42
2 9 12 31 42
2 9 16 52 42
2 9 16 25 42
2 9 16 94 42
2 9 16 31 42
2 9 52 25 42
2 9 52 94 42
2 9 52 31 42
2 9 25 94 42
2 9 25 31 42
2 9 94 31 42
2 12 16 52 42
2 12 16 25 42
2 12 16 94 42
2 12 16 31 42
2 12 52 25 42
2 12 52 94 42
2 12 52 31 42
2 12 25 94 42
2 12 25 31 42
2 12 94 31 42
2 16 52 25 42
2 16 52 94 42
2 16 52 31 42
2 16 25 94 42
2 16 25 31 42
2 16 94 31 42
2 52 25 94 42
2 52 25 31 42
2 52 94 31 42
2 25 94 31 42
2 98 9 12 42
2 98 9 16 42
2 98 9 52 42
2 98 9 53 42
2 98 9 25 42
2 98 9 94 42
2 98 9 31 42
2 98 12 16 42
2 98 12 52 42
2 98 12 53 42
2 98 12 25 42
2 98 12 94 42
2 98 12 31 42
2 98 16 52 42
2 98 16 53 42
2 98 16 25 42
2 98 16 94 42
2 98 16 31 42
2 98 52 53 42
2 98 52 25 42
2 98 52 94 42
2 98 52 31 42
2 98 53 25 42
2 98 53 94 42
2 98 53 31 42
2 98 25 94 42
2 98 25 31 42
2 98 94 31 42
2 9 12 16 42
2 9 12 52 42
2 9 12 53 42
2 9 12 25 42
2 9 12 94 42
2 9 12 31 42
2 9 16 52 42
2 9 16 53 42
2 9 16 25 42
2 9 16 94 42
2 9 16 31 42
2 9 52 53 42
2 9 52 25 42
2 9 52 94 42
2 9 52 31 42
2 9 53 25 42
2 9 53 94 42
2 9 53 31 42
2 9 25 94 42
2 9 25 31 42
2 9 94 31 42
2 12 16 52 42
2 12 16 53 42
2 12 16 25 42
2 12 16 94 42
2 12 16 31 42
2 12 52 53 42
2 12 52 25 42
2 12 52 94 42
2 12 52 31 42
2 12 53 25 42
2 12 53 94 42
2 12 53 31 42
2 12 25 94 42
2 12 25 31 42
2 12 94 31 42
2 16 52 53 42
2 16 52 25 42
2 16 52 94 42
2 16 52 31 42
2 16 53 25 42
2 16 53 94 42
2 16 53 31 42
2 16 25 94 42
2 16 25 31 42
2 16 94 31 42
2 52 53 25 42
2 52 53 94 42
2 52 53 31 42
2 52 25 94 42
2 52 25 31 42
2 52 94 31 42
2 53 25 94 42
2 53 25 31 42
2 53 94 31 42
2 25 94 31 42
2 43 49 21 43
2 43 49 26 43
2 43 49 29 43
2 43 49 63 43
2 43 21 26 43
2 43 21 29 43
2 43 21 63 43
2 43 26 29 43
2 43 26 63 43
2 43 29 63 43
2 49 21 26 43
2 49 21 29 43
2 49 21 63 43
2 49 26 29 43
2 49 26 63 43
2 49 29 63 43
2 21 26 29 43
2 21 26 63 43
2 21 29 63 43
2 26 29 63 43
2 34 75 18 43
2 34 75 22 43
2 34 75 91 43
2 34 75 60 43
2 34 75 62 43
2 34 18 22 43
2 34 18 91 43
2 34 18 60 43
2 34 18 62 43
2 34 22 91 43
2 34 22 60 43
2 34 22 62 43
2 34 91 60 43
2 34 91 62 43
2 34 60 62 43
2 75 18 22 43
2 75 18 91 43
2 75 18 60 43
2 75 18 62 43
2 75 22 91 43
2 75 22 60 43
2 75 22 62 43
2 75 91 60 43
2 75 91 62 43
2 75 60 62 43
2 18 22 91 43
2 18 22 60 43
2 18 22 62 43
2 18 91 60 43
2 18 91 62 43
2 18 60 62 43
2 22 91 60 43
2 22 91 62 43
2 22 60 62 43
2 91 60 62 43
2 12 79 16 43
2 12 79 17 43
2 12 79 19 43
2 12 79 58 43
2 12 79 94 43
2 12 16 17 43
2 12 16 19 43
2 12 16 58 43
2 12 16 94 43
2 12 17 19 43
2 12 17 58 43
2 12 17 94 43
2 12 19 58 43
2 12 19 94 43
2 12 58 94 43
2 79 16 17 43
2 79 16 19 43
2 79 16 58 43
2 79 16 94 43
2 79 17 19 43
2 79 17 58 43
2 79 17 94 43
2 79 19 58 43
2 79 19 94 43
2 79 58 94 43
2 16 17 19 43
2 16 17 58 43
2 16 17 94 43
2 16 19 58 43
2 16 19 94 43
2 16 58 94 43
2 17 19 58 43
2 17 19 94 43
2 17 58 94 43
2 19 58 94 43
2 64 74 79 43
2 64 74 17 43
2 64 74 19 43
2 64 74 58 43
2 64 74 61 43
2 64 79 17 43
2 64 79 19 43
2 64 79 58 43
2 64 79 61 43
2 64 17 19 43
2 64 17 58 43
2 64 17 61 43
2 64 19 58 43
2 64 19 61 43
2 64 58 61 43
2 74 79 17 43
2 74 79 19 43
2 74 79 58 43
2 74 79 61 43
2 74 17 19 43
2 74 17 58 43
2 74 17 61 43
2 74 19 58 43
2 74 19 61 43
2 74 58 61 43
2 79 17 19 43
2 79 17 58 43
2 79 17 61 43
2 79 19 58 43
2 79 19 61 43
2 79 58 61 43
2 17 19 58 43
2 17 19 61 43
2 17 58 61 43
2 19 58 61 43
2 34 38 75 43
2 34 38 18 43
2 34 38 22 43
2 34 38 91 43
2 34 38 60 43
2 34 38 62 43
2 34 75 18 43
2 34 75 22 43
2 34 75 91 43
2 34 75 60 43
2 34 75 62 43
2 34 18 22 43
2 34 18 91 43
2 34 18 60 43
2 34 18 62 43
2 34 22 91 43
2 34 22 60 43
2 34 22 62 43
2 34 91 60 43
2 34 91 62 43
2 34 60 62 43
2 38 75 18 43
2 38 75 22 43
2 38 75 91 43
2 38 75 60 43
2 38 75 62 43
2 38 18 22 43
2 38 18 91 43
2 38 18 60 43
2 38 18 62 43
2 38 22 91 43
2 38 22 60 43
2 38 22 62 43
2 38 91 60 43
2 38 91 62 43
2 38 60 62 43
2 75 18 22 43
2 75 18 91 43
2 75 18 60 43
2 75 18 62 43
2 75 22 91 43
2 75 22 60 43
2 75 22 62 43
2 75 91 60 43
2 75 91 62 43
2 75 60 62 43
2 18 22 91 43
2 18 22 60 43
2 18 22 62 43
2 18 91 60 43
2 18 91 62 43
2 18 60 62 43
2 22 91 60 43
2 22 91 62 43
2 22 60 62 43
2 91 60 62 43
2 6 43 78 43
2 6 43 49 43
2 6 43 21 43
2 6 43 26 43
2 6 43 29 43
2 6 43 63 43
2 6 78 49 43
2 6 78 21 43
2 6 78 26 43
2 6 78 29 43
2 6 78 63 43
2 6 49 21 43
2 6 49 26 43
2 6 49 29 43
2 6 49 63 43
2 6 21 26 43
2 6 21 29 43
2 6 21 63 43
2 6 26 29 43
2 6 26 63 43
2 6 29 63 43
2 43 78 49 43
2 43 78 21 43
2 43 78 26 43
2 43 78 29 43
2 43 78 63 43
2 43 49 21 43
2 43 49 26 43
2 43 49 29 43
2 43 49 63 43
2 43 21 26 43
2 43 21 29 43
2 43 21 63 43
2 43 26 29 43
2 43 26 63 43
2 43 29 63 43
2 78 49 21 43
2 78 49 26 43
2 78 49 29 43
2 78 49 63 43
2 78 21 26 43
2 78 21 29 43
2 78 21 63 43
2 78 26 29 43
2 78 26 63 43
2 78 29 63 43
2 49 21 26 43
2 49 21 29 43
2 49 21 63 43
2 49 26 29 43
2 49 26 63 43
2 49 29 63 43
2 21 26 29 43
2 21 26 63 43
2 21 29 63 43
2 26 29 63 43
2 89 59 44 44
2 89 59 85 44
2 89 44 85 44
2 59 44 85 44
2 89 99 85 44
2 89 99 47 44
2 89 85 47 44
2 99 85 47 44
2 12 79 16 44
2 12 79 17 44
2 12 79 19 44
2 12 79 25 44
2 12 79 58 44
2 12 79 94 44
2 12 16 17 44
2 12 16 19 44
2 12 16 25 44
2 12 16 58 44
2 12 16 94 44
2 12 17 19 44
2 12 17 25 44
2 12 17 58 44
2 12 17 94 44
2 12 19 25 44
2 12 19 58 44
2 12 19 94 44
2 12 25 58 44
2 12 25 94 44
2 12 58 94 44
2 79 16 17 44
2 79 16 19 44
2 79 16 25 44
2 79 16 58 44
2 79 16 94 44
2 79 17 19 44
2 79 17 25 44
2 79 17 58 44
2 79 17 94 44
2 79 19 25 44
2 79 19 58 44
2 79 19 94 44
2 79 25 58 44
2 79 25 94 44
2 79 58 94 44
2 16 17 19 44
2 16 17 25 44
2 16 17 58 44
2 16 17 94 44
2 16 19 25 44
2 16 19 58 44
2 16 19 94 44
2 16 25 58 44
2 16 25 94 44
2 16 58 94 44
2 17 19 25 44
2 17 19 58 44
2 17 19 94 44
2 17 25 58 44
2 17 25 94 44
2 17 58 94 44
2 19 25 58 44
2 19 25 94 44
2 19 58 94 44
2 25 58 94 44
2 89 99 92 45
2 89 99 85 45
2 89 99 47 45
2 89 92 85 45
2 89 92 47 45
2 89 85 47 45
2 99 92 85 45
2 99 92 47 45
2 99 85 47 45
2 92 85 47 45
2 8 76 88 45
2 8 76 51 45
2 8 76 56 45
2 8 76 28 45
2 8 88 51 45
2 8 88 56 45
2 8 88 28 45
2 8 51 56 45
2 8 51 28 45
2 8 56 28 45
2 76 88 51 45
2 76 88 56 45
2 76 88 28 45
2 76 51 56 45
2 76 51 28 45
2 76 56 28 45
2 88 51 56 45
2 88 51 28 45
2 88 56 28 45
2 51 56 28 45
2 99 47 85 45
2 99 47 24 45
2 99 47 89 45
2 99 47 92 45
2 99 85 24 45
2 99 85 89 45
2 99 85 92 45
2 99 24 89 45
2 99 24 92 45
2 99 89 92 45
2 47 85 24 45
2 47 85 89 45
2 47 85 92 45
2 47 24 89 45
2 47 24 92 45
2 47 89 92 45
2 85 24 89 45
2 85 24 92 45
2 85 89 92 45
2 24 89 92 45
2 34 38 14 45
2 34 38 18 45
2 34 38 22 45
2 34 38 60 45
2 34 14 18 45
2 34 14 22 45
2 34 14 60 45
2 34 18 22 45
2 34 18 60 45
2 34 22 60 45
2 38 14 18 45
2 38 14 22 45
2 38 14 60 45
2 38 18 22 45
2 38 18 60 45
2 38 22 60 45
2 14 18 22 45
2 14 18 60 45
2 14 22 60 45
2 18 22 60 45
2 88 8 51 46
2 88 8 76 46
2 88 8 56 46
2 88 51 76 46
2 88 51 56 46
2 88 76 56 46
2 8 51 76 46
2 8 51 56 46
2 8 76 56 46
2 51 76 56 46
2 97 99 14 46
2 97 99 47 46
2 97 99 24 46
2 97 99 92 46
2 97 14 47 46
2 97 14 24 46
2 97 14 92 46
2 97 47 24 46
2 97 47 92 46
2 97 24 92 46
2 99 14 47 46
2 99 14 24 46
2 99 14 92 46
2 99 47 24 46
2 99 47 92 46
2 99 24 92 46
2 14 47 24 46
2 14 47 92 46
2 14 24 92 46
2 47 24 92 46
2 97 99 47 46
2 97 99 85 46
2 97 99 24 46
2 97 99 89 46
2 97 99 92 46
2 97 47 85 46
2 97 47 24 46
2 97 47 89 46
2 97 47 92 46
2 97 85 24 46
2 97 85 89 46
2 97 85 92 46
2 97 24 89 46
2 97 24 92 46
2 97 89 92 46
2 99 47 85 46
2 99 47 24 46
2 99 47 89 46
2 99 47 92 46
2 99 85 24 46
2 99 85 89 46
2 99 85 92 46
2 99 24 89 46
2 99 24 92 46
2 99 89 92 46
2 47 85 24 46
2 47 85 89 46
2 47 85 92 46
2 47 24 89 46
2 47 24 92 46
2 47 89 92 46
2 85 24 89 46
2 85 24 92 46
2 85 89 92 46
2 24 89 92 46
2 97 99 38 46
2 97 99 14 46
2 97 99 47 46
2 97 99 24 46
2 97 99 92 46
2 97 38 14 46
2 97 38 47 46
2 97 38 24 46
2 97 38 92 46
2 97 14 47 46
2 97 14 24 46
2 97 14 92 46
2 97 47 24 46
2 97 47 92 46
2 97 24 92 46
2 99 38 14 46
2 99 38 47 46
2 99 38 24 46
2 99 38 92 46
2 99 14 47 46
2 99 14 24 46
2 99 14 92 46
2 99 47 24 46
2 99 47 92 46
2 99 24 92 46
2 38 14 47 46
2 38 14 24 46
2 38 14 92 46
2 38 47 24 46
2 38 47 92 46
2 38 24 92 46
2 14 47 24 46
2 14 47 92 46
2 14 24 92 46
2 47 24 92 46
2 43 49 83 46
2 43 49 21 46
2 43 49 26 46
2 43 49 29 46
2 43 49 63 46
2 43 83 21 46
2 43 83 26 46
2 43 83 29 46
2 43 83 63 46
2 43 21 26 46
2 43 21 29 46
2 43 21 63 46
2 43 26 29 46
2 43 26 63 46
2 43 29 63 46
2 49 83 21 46
2 49 83 26 46
2 49 83 29 46
2 49 83 63 46
2 49 21 26 46
2 49 21 29 46
2 49 21 63 46
2 49 26 29 46
2 49 26 63 46
2 49 29 63 46
2 83 21 26 46
2 83 21 29 46
2 83 21 63 46
2 83 26 29 46
2 83 26 63 46
2 83 29 63 46
2 21 26 29 46
2 21 26 63 46
2 21 29 63 46
2 26 29 63 46
2 43 49 83 46
2 43 49 21 46
2 43 49 87 46
2 43 49 26 46
2 43 49 29 46
2 43 49 63 46
2 43 83 21 46
2 43 83 87 46
2 43 83 26 46
2 43 83 29 46
2 43 83 63 46
2 43 21 87 46
2 43 21 26 46
2 43 21 29 46
2 43 21 63 46
2 43 87 26 46
2 43 87 29 46
2 43 87 63 46
2 43 26 29 46
2 43 26 63 46
2 43 29 63 46
2 49 83 21 46
2 49 83 87 46
2 49 83 26 46
2 49 83 29 46
2 49 83 63 46
2 49 21 87 46
2 49 21 26 46
2 49 21 29 46
2 49 21 63 46
2 49 87 26 46
2 49 87 29 46
2 49 87 63 46
2 49 26 29 46
2 49 26 63 46
2 49 29 63 46
2 83 21 87 46
2 83 21 26 46
2 83 21 29 46
2 83 21 63 46
2 83 87 26 46
2 83 87 29 46
2 83 87 63 46
2 83 26 29 46
2 83 26 63 46
2 83 29 63 46
2 21 87 26 46
2 21 87 29 46
2 21 87 63 46
2 21 26 29 46
2 21 26 63 46
2 21 29 63 46
2 87 26 29 46
2 87 26 63 46
2 87 29 63 46
2 26 29 63 46
2 97 99 38 46
2 97 99 92 46
2 97 99 14 46
2 97 99 47 46
2 97 99 24 46
2 97 99 60 46
2 97 38 92 46
2 97 38 14 46
2 97 38 47 46
2 97 38 24 46
2 97 38 60 46
2 97 92 14 46
2 97 92 47 46
2 97 92 24 46
2 97 92 60 46
2 97 14 47 46
2 97 14 24 46
2 97 14 60 46
2 97 47 24 46
2 97 47 60 46
2 97 24 60 46
2 99 38 92 46
2 99 38 14 46
2 99 38 47 46
2 99 38 24 46
2 99 38 60 46
2 99 92 14 46
2 99 92 47 46
2 99 92 24 46
2 99 92 60 46
2 99 14 47 46
2 99 14 24 46
2 99 14 60 46
2 99 47 24 46
2 99 47 60 46
2 99 24 60 46
2 38 92 14 46
2 38 92 47 46
2 38 92 24 46
2 38 92 60 46
2 38 14 47 46
2 38 14 24 46
2 38 14 60 46
2 38 47 24 46
2 38 47 60 46
2 38 24 60 46
2 92 14 47 46
2 92 14 24 46
2 92 14 60 46
2 92 47 24 46
2 92 47 60 46
2 92 24 60 46
2 14 47 24 46
2 14 47 60 46
2 14 24 60 46
2 47 24 60 46
2 11 43 49 46
2 11 43 83 46
2 11 43 21 46
2 11 43 87 46
2 11 43 26 46
2 11 43 29 46
2 11 43 63 46
2 11 49 83 46
2 11 49 21 46
2 11 49 87 46
2 11 49 26 46
2 11 49 29 46
2 11 49 63 46
2 11 83 21 46
2 11 83 87 46
2 11 83 26 46
2 11 83 29 46
2 11 83 63 46
2 11 21 87 46
2 11 21 26 46
2 11 21 29 46
2 11 21 63 46
2 11 87 26 46
2 11 87 29 46
2 11 87 63 46
2 11 26 29 46
2 11 26 63 46
2 11 29 63 46
2 43 49 83 46
2 43 49 21 46
2 43 49 87 46
2 43 49 26 46
2 43 49 29 46
2 43 49 63 46
2 43 83 21 46
2 43 83 87 46
2 43 83 26 46
2 43 83 29 46
2 43 83 63 46
2 43 21 87 46
2 43 21 26 46
2 43 21 29 46
2 43 21 63 46
2 43 87 26 46
2 43 87 29 46
2 43 87 63 46
2 43 26 29 46
2 43 26 63 46
2 43 29 63 46
2 49 83 21 46
2 49 83 87 46
2 49 83 26 46
2 49 83 29 46
2 49 83 63 46
2 49 21 87 46
2 49 21 26 46
2 49 21 29 46
2 49 21 63 46
2 49 87 26 46
2 49 87 29 46
2 49 87 63 46
2 49 26 29 46
2 49 26 63 46
2 49 29 63 46
2 83 21 87 46
2 83 21 26 46
2 83 21 29 46
2 83 21 63 46
2 83 87 26 46
2 83 87 29 46
2 83 87 63 46
2 83 26 29 46
2 83 26 63 46
2 83 29 63 46
2 21 87 26 46
2 21 87 29 46
2 21 87 63 46
2 21 26 29 46
2 21 26 63 46
2 21 29 63 46
2 87 26 29 46
2 87 26 63 46
2 87 29 63 46
2 26 29 63 46
2 68 39 8 47
2 68 39 76 47
2 68 39 51 47
2 68 39 88 47
2 68 8 76 47
2 68 8 51 47
2 68 8 88 47
2 68 76 51 47
2 68 76 88 47
2 68 51 88 47
2 39 8 76 47
2 39 8 51 47
2 39 8 88 47
2 39 76 51 47
2 39 76 88 47
2 39 51 88 47
2 8 76 51 47
2 8 76 88 47
2 8 51 88 47
2 76 51 88 47
2 74 79 17 47
2 74 79 19 47
2 74 79 58 47
2 74 79 61 47
2 74 79 94 47
2 74 17 19 47
2 74 17 58 47
2 74 17 61 47
2 74 17 94 47
2 74 19 58 47
2 74 19 61 47
2 74 19 94 47
2 74 58 61 47
2 74 58 94 47
2 74 61 94 47
2 79 17 19 47
2 79 17 58 47
2 79 17 61 47
2 79 17 94 47
2 79 19 58 47
2 79 19 61 47
2 79 19 94 47
2 79 58 61 47
2 79 58 94 47
2 79 61 94 47
2 17 19 58 47
2 17 19 61 47
2 17 19 94 47
2 17 58 61 47
2 17 58 94 47
2 17 61 94 47
2 19 58 61 47
2 19 58 94 47
2 19 61 94 47
2 58 61 94 47
2 74 79 16 47
2 74 79 17 47
2 74 79 19 47
2 74 79 58 47
2 74 79 94 47
2 74 16 17 47
2 74 16 19 47
2 74 16 58 47
2 74 16 94 47
2 74 17 19 47
2 74 17 58 47
2 74 17 94 47
2 74 19 58 47
2 74 19 94 47
2 74 58 94 47
2 79 16 17 47
2 79 16 19 47
2 79 16 58 47
2 79 16 94 47
2 79 17 19 47
2 79 17 58 47
2 79 17 94 47
2 79 19 58 47
2 79 19 94 47
2 79 58 94 47
2 16 17 19 47
2 16 17 58 47
2 16 17 94 47
2 16 19 58 47
2 16 19 94 47
2 16 58 94 47
2 17 19 58 47
2 17 19 94 47
2 17 58 94 47
2 19 58 94 47
2 6 43 49 47
2 6 43 83 47
2 6 43 21 47
2 6 43 26 47
2 6 43 29 47
2 6 43 63 47
2 6 49 83 47
2 6 49 21 47
2 6 49 26 47
2 6 49 29 47
2 6 49 63 47
2 6 83 21 47
2 6 83 26 47
2 6 83 29 47
2 6 83 63 47
2 6 21 26 47
2 6 21 29 47
2 6 21 63 47
2 6 26 29 47
2 6 26 63 47
2 6 29 63 47
2 43 49 83 47
2 43 49 21 47
2 43 49 26 47
2 43 49 29 47
2 43 49 63 47
2 43 83 21 47
2 43 83 26 47
2 43 83 29 47
2 43 83 63 47
2 43 21 26 47
2 43 21 29 47
2 43 21 63 47
2 43 26 29 47
2 43 26 63 47
2 43 29 63 47
2 49 83 21 47
2 49 83 26 47
2 49 83 29 47
2 49 83 63 47
2 49 21 26 47
2 49 21 29 47
2 49 21 63 47
2 49 26 29 47
2 49 26 63 47
2 49 29 63 47
2 83 21 26 47
2 83 21 29 47
2 83 21 63 47
2 83 26 29 47
2 83 26 63 47
2 83 29 63 47
2 21 26 29 47
2 21 26 63 47
2 21 29 63 47
2 26 29 63 47
2 6 43 49 47
2 6 43 83 47
2 6 43 21 47
2 6 43 87 47
2 6 43 26 47
2 6 43 29 47
2 6 43 63 47
2 6 49 83 47
2 6 49 21 47
2 6 49 87 47
2 6 49 26 47
2 6 49 29 47
2 6 49 63 47
2 6 83 21 47
2 6 83 87 47
2 6 83 26 47
2 6 83 29 47
2 6 83 63 47
2 6 21 87 47
2 6 21 26 47
2 6 21 29 47
2 6 21 63 47
2 6 87 26 47
2 6 87 29 47
2 6 87 63 47
2 6 26 29 47
2 6 26 63 47
2 6 29 63 47
2 43 49 83 47
2 43 49 21 47
2 43 49 87 47
2 43 49 26 47
2 43 49 29 47
2 43 49 63 47
2 43 83 21 47
2 43 83 87 47
2 43 83 26 47
2 43 83 29 47
2 43 83 63 47
2 43 21 87 47
2 43 21 26 47
2 43 21 29 47
2 43 21 63 47
2 43 87 26 47
2 43 87 29 47
2 43 87 63 47
2 43 26 29 47
2 43 26 63 47
2 43 29 63 47
2 49 83 21 47
2 49 83 87 47
2 49 83 26 47
2 49 83 29 47
2 49 83 63 47
2 49 21 87 47
2 49 21 26 47
2 49 21 29 47
2 49 21 63 47
2 49 87 26 47
2 49 87 29 47
2 49 87 63 47
2 49 26 29 47
2 49 26 63 47
2 49 29 63 47
2 83 21 87 47
2 83 21 26 47
2 83 21 29 47
2 83 21 63 47
2 83 87 26 47
2 83 87 29 47
2 83 87 63 47
2 83 26 29 47
2 83 26 63 47
2 83 29 63 47
2 21 87 26 47
2 21 87 29 47
2 21 87 63 47
2 21 26 29 47
2 21 26 63 47
2 21 29 63 47
2 87 26 29 47
2 87 26 63 47
2 87 29 63 47
2 26 29 63 47
2 11 6 43 47
2 11 6 49 47
2 11 6 83 47
2 11 6 21 47
2 11 6 87 47
2 11 6 26 47
2 11 6 29 47
2 11 6 63 47
2 11 43 49 47
2 11 43 83 47
2 11 43 21 47
2 11 43 87 47
2 11 43 26 47
2 11 43 29 47
2 11 43 63 47
2 11 49 83 47
2 11 49 21 47
2 11 49 87 47
2 11 49 26 47
2 11 49 29 47
2 11 49 63 47
2 11 83 21 47
2 11 83 87 47
2 11 83 26 47
2 11 83 29 47
2 11 83 63 47
2 11 21 87 47
2 11 21 26 47
2 11 21 29 47
2 11 21 63 47
2 11 87 26 47
2 11 87 29 47
2 11 87 63 47
2 11 26 29 47
2 11 26 63 47
2 11 29 63 47
2 6 43 49 47
2 6 43 83 47
2 6 43 21 47
2 6 43 87 47
2 6 43 26 47
2 6 43 29 47
2 6 43 63 47
2 6 49 83 47
2 6 49 21 47
2 6 49 87 47
2 6 49 26 47
2 6 49 29 47
2 6 49 63 47
2 6 83 21 47
2 6 83 87 47
2 6 83 26 47
2 6 83 29 47
2 6 83 63 47
2 6 21 87 47
2 6 21 26 47
2 6 21 29 47
2 6 21 63 47
2 6 87 26 47
2 6 87 29 47
2 6 87 63 47
2 6 26 29 47
2 6 26 63 47
2 6 29 63 47
2 43 49 83 47
2 43 49 21 47
2 43 49 87 47
2 43 49 26 47
2 43 49 29 47
2 43 49 63 47
2 43 83 21 47
2 43 83 87 47
2 43 83 26 47
2 43 83 29 47
2 43 83 63 47
2 43 21 87 47
2 43 21 26 47
2 43 21 29 47
2 43 21 63 47
2 43 87 26 47
2 43 87 29 47
2 43 87 63 47
2 43 26 29 47
2 43 26 63 47
2 43 29 63 47
2 49 83 21 47
2 49 83 87 47
2 49 83 26 47
2 49 83 29 47
2 49 83 63 47
2 49 21 87 47
2 49 21 26 47
2 49 21 29 47
2 49 21 63 47
2 49 87 26 47
2 49 87 29 47
2 49 87 63 47
2 49 26 29 47
2 49 26 63 47
2 49 29 63 47
2 83 21 87 47
2 83 21 26 47
2 83 21 29 47
2 83 21 63 47
2 83 87 26 47
2 83 87 29 47
2 83 87 63 47
2 83 26 29 47
2 83 26 63 47
2 83 29 63 47
2 21 87 26 47
2 21 87 29 47
2 21 87 63 47
2 21 26 29 47
2 21 26 63 47
2 21 29 63 47
2 87 26 29 47
2 87 26 63 47
2 87 29 63 47
2 26 29 63 47
2 2 5 52 48
2 2 5 53 48
2 2 5 93 48
2 2 52 53 48
2 2 52 93 48
2 2 53 93 48
2 5 52 53 48
2 5 52 93 48
2 5 53 93 48
2 52 53 93 48
2 1 66 42 48
2 1 66 15 48
2 1 66 82 48
2 1 66 30 48
2 1 42 15 48
2 1 42 82 48
2 1 42 30 48
2 1 15 82 48
2 1 15 30 48
2 1 82 30 48
2 66 42 15 48
2 66 42 82 48
2 66 42 30 48
2 66 15 82 48
2 66 15 30 48
2 66 82 30 48
2 42 15 82 48
2 42 15 30 48
2 42 82 30 48
2 15 82 30 48
2 68 8 76 48
2 68 8 56 48
2 68 8 51 48
2 68 8 88 48
2 68 76 56 48
2 68 76 51 48
2 68 76 88 48
2 68 56 51 48
2 68 56 88 48
2 68 51 88 48
2 8 76 56 48
2 8 76 51 48
2 8 76 88 48
2 8 56 51 48
2 8 56 88 48
2 8 51 88 48
2 76 56 51 48
2 76 56 88 48
2 76 51 88 48
2 56 51 88 48
2 2 5 46 48
2 2 5 52 48
2 2 5 53 48
2 2 5 93 48
2 2 46 52 48
2 2 46 53 48
2 2 46 93 48
2 2 52 53 48
2 2 52 93 48
2 2 53 93 48
2 5 46 52 48
2 5 46 53 48
2 5 46 93 48
2 5 52 53 48
2 5 52 93 48
2 5 53 93 48
2 46 52 53 48
2 46 52 93 48
2 46 53 93 48
2 52 53 93 48
2 2 5 72 48
2 2 5 46 48
2 2 5 52 48
2 2 5 53 48
2 2 5 93 48
2 2 72 46 48
2 2 72 52 48
2 2 72 53 48
2 2 72 93 48
2 2 46 52 48
2 2 46 53 48
2 2 46 93 48
2 2 52 53 48
2 2 52 93 48
2 2 53 93 48
2 5 72 46 48
2 5 72 52 48
2 5 72 53 48
2 5 72 93 48
2 5 46 52 48
2 5 46 53 48
2 5 46 93 48
2 5 52 53 48
2 5 52 93 48
2 5 53 93 48
2 72 46 52 48
2 72 46 53 48
2 72 46 93 48
2 72 52 53 48
2 72 52 93 48
2 72 53 93 48
2 46 52 53 48
2 46 52 93 48
2 46 53 93 48
2 52 53 93 48
2 68 8 76 48
2 68 8 56 48
2 68 8 51 48
2 68 8 88 48
2 68 8 28 48
2 68 76 56 48
2 68 76 51 48
2 68 76 88 48
2 68 76 28 48
2 68 56 51 48
2 68 56 88 48
2 68 56 28 48
2 68 51 88 48
2 68 51 28 48
2 68 88 28 48
2 8 76 56 48
2 8 76 51 48
2 8 76 88 48
2 8 76 28 48
2 8 56 51 48
2 8 56 88 48
2 8 56 28 48
2 8 51 88 48
2 8 51 28 48
2 8 88 28 48
2 76 56 51 48
2 76 56 88 48
2 76 56 28 48
2 76 51 88 48
2 76 51 28 48
2 76 88 28 48
2 56 51 88 48
2 56 51 28 48
2 56 88 28 48
2 51 88 28 48
2 67 68 39 48
2 67 68 8 48
2 67 68 76 48
2 67 68 51 48
2 67 68 88 48
2 67 39 8 48
2 67 39 76 48
2 67 39 51 48
2 67 39 88 48
2 67 8 76 48
2 67 8 51 48
2 67 8 88 48
2 67 76 51 48
2 67 76 88 48
2 67 51 88 48
2 68 39 8 48
2 68 39 76 48
2 68 39 51 48
2 68 39 88 48
2 68 8 76 48
2 68 8 51 48
2 68 8 88 48
2 68 76 51 48
2 68 76 88 48
2 68 51 88 48
2 39 8 76 48
2 39 8 51 48
2 39 8 88 48
2 39 76 51 48
2 39 76 88 48
2 39 51 88 48
2 8 76 51 48
2 8 76 88 48
2 8 51 88 48
2 76 51 88 48
2 1 66 42 48
2 1 66 13 48
2 1 66 15 48
2 1 66 82 48
2 1 66 30 48
2 1 42 13 48
2 1 42 15 48
2 1 42 82 48
2 1 42 30 48
2 1 13 15 48
2 1 13 82 48
2 1 13 30 48
2 1 15 82 48
2 1 15 30 48
2 1 82 30 48
2 66 42 13 48
2 66 42 15 48
2 66 42 82 48
2 66 42 30 48
2 66 13 15 48
2 66 13 82 48
2 66 13 30 48
2 66 15 82 48
2 66 15 30 48
2 66 82 30 48
2 42 13 15 48
2 42 13 82 48
2 42 13 30 48
2 42 15 82 48
2 42 15 30 48
2 42 82 30 48
2 13 15 82 48
2 13 15 30 48
2 13 82 30 48
2 15 82 30 48
2 32 67 68 48
2 32 67 39 48
2 32 67 8 48
2 32 67 76 48
2 32 67 51 48
2 32 67 88 48
2 32 68 39 48
2 32 68 8 48
2 32 68 76 48
2 32 68 51 48
2 32 68 88 48
2 32 39 8 48
2 32 39 76 48
2 32 39 51 48
2 32 39 88 48
2 32 8 76 48
2 32 8 51 48
2 32 8 88 48
2 32 76 51 48
2 32 76 88 48
2 32 51 88 48
2 67 68 39 48
2 67 68 8 48
2 67 68 76 48
2 67 68 51 48
2 67 68 88 48
2 67 39 8 48
2 67 39 76 48
2 67 39 51 48
2 67 39 88 48
2 67 8 76 48
2 67 8 51 48
2 67 8 88 48
2 67 76 51 48
2 67 76 88 48
2 67 51 88 48
2 68 39 8 48
2 68 39 76 48
2 68 39 51 48
2 68 39 88 48
2 68 8 76 48
2 68 8 51 48
2 68 8 88 48
2 68 76 51 48
2 68 76 88 48
2 68 51 88 48
2 39 8 76 48
2 39 8 51 48
2 39 8 88 48
2 39 76 51 48
2 39 76 88 48
2 39 51 88 48
2 8 76 51 48
2 8 76 88 48
2 8 51 88 48
2 76 51 88 48
2 1 66 42 48
2 1 66 13 48
2 1 66 15 48
2 1 66 82 48
2 1 66 20 48
2 1 66 30 48
2 1 42 13 48
2 1 42 15 48
2 1 42 82 48
2 1 42 20 48
2 1 42 30 48
2 1 13 15 48
2 1 13 82 48
2 1 13 20 48
2 1 13 30 48
2 1 15 82 48
2 1 15 20 48
2 1 15 30 48
2 1 82 20 48
2 1 82 30 48
2 1 20 30 48
2 66 42 13 48
2 66 42 15 48
2 66 42 82 48
2 66 42 20 48
2 66 42 30 48
2 66 13 15 48
2 66 13 82 48
2 66 13 20 48
2 66 13 30 48
2 66 15 82 48
2 66 15 20 48
2 66 15 30 48
2 66 82 20 48
2 66 82 30 48
2 66 20 30 48
2 42 13 15 48
2 42 13 82 48
2 42 13 20 48
2 42 13 30 48
2 42 15 82 48
2 42 15 20 48
2 42 15 30 48
2 42 82 20 48
2 42 82 30 48
2 42 20 30 48
2 13 15 82 48
2 13 15 20 48
2 13 15 30 48
2 13 82 20 48
2 13 82 30 48
2 13 20 30 48
2 15 82 20 48
2 15 82 30 48
2 15 20 30 48
2 82 20 30 48
2 33 28 37 49
2 33 28 70 49
2 33 28 95 49
2 33 37 70 49
2 33 37 95 49
2 33 70 95 49
2 28 37 70 49
2 28 37 95 49
2 28 70 95 49
2 37 70 95 49
2 1 42 82 49
2 1 42 66 49
2 1 42 30 49
2 1 82 66 49
2 1 82 30 49
2 1 66 30 49
2 42 82 66 49
2 42 82 30 49
2 42 66 30 49
2 82 66 30 49
2 72 81 2 49
2 72 81 93 49
2 72 81 46 49
2 72 2 93 49
2 72 2 46 49
2 72 93 46 49
2 81 2 93 49
2 81 2 46 49
2 81 93 46 49
2 2 93 46 49
2 65 35 77 49
2 65 35 13 49
2 65 35 48 49
2 65 35 20 49
2 65 35 15 49
2 65 77 13 49
2 65 77 48 49
2 65 77 20 49
2 65 77 15 49
2 65 13 48 49
2 65 13 20 49
2 65 13 15 49
2 65 48 20 49
2 65 48 15 49
2 65 20 15 49
2 35 77 13 49
2 35 77 48 49
2 35 77 20 49
2 35 77 15 49
2 35 13 48 49
2 35 13 20 49
2 35 13 15 49
2 35 48 20 49
2 35 48 15 49
2 35 20 15 49
2 77 13 48 49
2 77 13 20 49
2 77 13 15 49
2 77 48 20 49
2 77 48 15 49
2 77 20 15 49
2 13 48 20 49
2 13 48 15 49
2 13 20 15 49
2 48 20 15 49
